995 208 1324 2350 2507 1938
531 2552 2449 1283 874 531 1593
2106 266 1370 1838 750 815 601 1720
1158 2244 2668 1718 1050
1481 1355 1481 150 1838 1481 2590 1355 495 2455
266 2263 765 1286 2405 1192 863
1839 249 42 1838 1025 1361
1838 2360 2405 1831 1530 2540 1839 1309


1973 323 1363 1057 242 1481 1251
1481 2310 2622 2402 2571 1437 1644 1286
1929 1789 155 645 1895 1768 2563 852
1716 521 2585 2668 2327 1481 2362 1050
2668 2327 898 1895 1481 1077 1163
1838 343 2249 750 815 2223 707 1720
1057 1617 1086 41 1839 26 1086 2593 2454
1042 531 2362 1530 1662 750
245 1857 1838 1789 2022 525 1973 266 765 2593


1286 2257 622 2263 2198 757 1122 241
1511 556 2257 1292 2571 1657 1929 1789 2523
1895 531 2434 1838 1434 2335
266 765 1481 2733 1572 1839 2132 302 1309
1989 1168 919 2607 1895 1349 920
2571 266 2025 1211 1895 750 1046 2049 1876
2171 1895 2470 245 1481 2658 1300
2106 519 266 791 353 1828 1838 1789
1739 1520 1839 750 334 2408 2487 1309


2631 2030 1605 641 2106 2544 2482
1839 521 2737 2132 126 1838 731 348 2700
1985 1232 741 2487 1481 1355 210
266 1895 1481 1355 1481 2590 1355 1365 310
1716 250 1973 1385 1989 1309 1838 1789 2222


731 2120 2263 2487 2418 2250 120 1560
919 2170 2668 1853 2701 2544 2365
1929 1430 589 1838 571 593
1839 2263 36 2718 1156 2544 1038
1985 63 1300 2134 2102 1644
1838 1424 2448 1839 605 2461 595
1841 604 2487 2703 1839 1077 2163 1458 2222
1716 1857 1828 2061 2372 2077
2662 674 1669 302 1079 1895 1572
1494 2217 1494 1429 2687 2534 2217 1824
2106 986 838 1018 1081 2487 2448 1155
1920 2106 152 2019 152 1371 1690 699 2590


1716 1910 1828 1543 881 859 2603
302 1309 1481 2102 1438 266 1789 838
26 2590 550 1234 1237 266 550 2724
2263 406 2257 1828 1706 254
2080 1985 1481 1355 1838 116 241 1309
1511 546 188 2261 1789 2217 546 1985 472
546 188 1481 1355 1857 2261 2689 266 765
1235 1309 204 302 2335
1789 1828 2711 1985 266 765 607 495 1346
1838 1789 2352 864 1839 26 0 750 2449


662 302 927 1973 1783 2661
1889 2652 531 1979 608 2600 1821 2701
2544 1403 1838 531 427 2660
930 2487 1277 531 769 758
1839 1232 416 1269 1810 1513
1250 2414 270 302 531 2463 1046
910 848 1277 68 531 2362 1690
149 1644 531 2658 2714
995 531 496 1825 1839 2553 241 955
2571 266 1481 1355 2653 302 1481 1262


1135 2487 1135 2471 1828 681 2133 302 681
519 255 465 1895 321 2366
1530 1822 569 330 1207 750 1157
1081 330 2106 1116 536 1309 556 605
2655 250 472 2059 2590 417 1838 241
908 2600 302 2600 1530 2690 2547
1250 766 1839 2297 1839 2178 2112
556 2327 302 472 472 2338 439 330 923
1161 77 2060 521 2068 1059 472
2583 245 1838 1309 266 1520 1540 929 2464


2257 2217 1985 2419 1838 362 59 2701
1646 519 266 1641 2049 2529 1838 1739
2597 1929 1789 1481 2618 1839 1690 1594
2263 266 1429 1122 1895 1309 258 2077 2079
1973 1853 2743 2618 2688 2109 434
1530 1395 1720 1349 978 86 302 706
989 2106 531 2724 1985 1690 2597 585 2217
1839 526 1270 2291 2571 2118 2217
1429 273 2359 1321 302 2263 1762 1052


2057 519 266 1540 266 765 649 1895 2068
2718 1838 1922 757 1789 1481 492 2507
162 547 1481 2580 2263 2426 2109 547 1086 706
1057 1651 1789 670 2299 2689 2418 273
1789 2548 1481 125 2257 2436 1839 1915
1511 1838 1481 1355 558 698 2316 929
26 1309 241 1355 1985 273 1895 2148
2263 2362 1690 2109 791 302 750 1511 1309


328 699 1196 2362 1839 1938
20 245 2447 1046 1839 1829 2103
519 2327 1857 1647 2571 2623 757 974
1910 731 401 1385 74 1828 525 1985 1696
2553 401 2132 2064 1848 2132 1604 1309 1456
2132 2394 1309 1985 1349 1903 1839 501 2092


1973 2426 330 41 2008 2263 1284 622
1839 1876 47 2088 380 302 1424 2636
1973 2426 677 655 413 920
1973 1297 1676 2426 1876 293 1895 2163
1716 1895 1481 2362 330 2426 2100 26
2263 266 1255 198 1895 1300 304 1410
200 1135 1839 1356 330 841 1815
1839 1739 2548 196 2548 1081 1876 1321 1796
299 116 1838 315 2461 1973 1292 826 1309 2528


162 2263 1714 1857 2000 1355 2106 273 1714 348
1429 2525 940 2689 1714 2000 1355 1439 791
1545 245 349 480 1714 757 1323
1839 2000 2590 969 1838 550 1464 2258
2571 757 2263 2362 2718 1714 561 302 2046
1683 1429 297 1716 1714 1857
2000 1355 1955 2611 2000 280 1101
1973 2000 2590 388 2000 2590 1122 757 874
556 1877 2571 1346 101 364 1838 2103
1545 213 216 1895 1543 2088
1839 293 2654 1895 2352 253 1829
1714 1123 2202 1910 2000 40 343 2571


1828 995 1179 330 2426 1086 1147 411
2106 1828 1838 2313 1895 1153 1511 1457 2432
1494 1233 2426 1590 1838 2219 1029 2313
174 1838 2600 531 1032 160 1839 762
1511 343 2487 355 519 2217 1057 1410 2688
1530 1090 716 2263 2426 302 1375 1683
2106 995 750 1720 1086 1477 2426 110
1839 170 261 302 708 2426 1791 516 765
2548 1310 1839 2362 1057 1981 1428
1511 229 1895 1309 245 2426 711


1973 2426 976 1853 621 2263 244
1619 302 2634 2106 2619 620
1973 2426 2114 2263 1022 2548 2176 1938
2675 1839 604 1553 1530 1325 2047
1839 1548 152 315 2509 2367 1895 1593
963 1714 222 428 302 270 2500 1086 2660
1838 547 2000 2088 1895 270 1838 2175 2636
1839 2327 302 2471 2487 1300 1985 273 1895 1714


26 2471 1341 245 2629 2300 1300
1839 1686 2000 1355 302 2000 2103
2487 1362 1456 1601 2689 1086 293 1343
1286 2632 1714 1644 1131 1895 2178 2120
1839 2068 173 1413 910 1615
2487 1276 786 2279 874 1714 204 986
2571 757 2502 1895 1934 2263 1934 1922
2718 245 972 2009 1511 1086 410 944
2309 302 1595 2563 1494 1573 1346
1233 26 1714 791 2000 1355 302 1720 1895 1022
1838 2258 895 2000 1355 2013 2000 1355 1690
1839 1714 304 791 189 1530 2000 815 2590 877


556 1929 2392 1086 2286 302 1300 1838 816
519 2217 1857 666 2487 2000 222 2472 2062
1018 910 1375 1759 2217 2257 2106 2548 122
2718 1091 2000 1934 1839 1708 1828 1252 2000 130
519 2426 1879 1431 2220 1895 2000 1720
1839 302 1192 100 720 2327 2000 2317
878 1838 816 2279 343 245 2221 1050
516 1810 1967 2246 128 2459 1531
1789 570 2090 2593 1022 1895 1127 1310 2689 1574
1839 2000 740 957 1789 1008 835 2654
2106 1857 550 2297 1895 940 287 2263 1300
1714 757 791 1846 302 2217 1839 302 1086 1343


1057 2426 1396 1309 1838 1384 2088
266 765 1456 2495 1839 1456 892
423 2048 330 296 1753 1554 1895 2109
1839 2061 2046 74 2327 495 1455 131
1984 495 603 1454 1895 1375 276
1839 1200 2257 531 2656 2094 240
1839 1853 1346 995 1346 1984 1311
2106 1481 253 2102 1057 1828 2734
2571 917 2548 1022 1233 1465 1511 1720 1233 1876
2571 917 699 245 1839 245 1605 1934 1838 1309


1103 1300 1033 266 1859 7
1839 26 2183 1603 1349 815 2590 233
411 905 901 995 2624 2538 1522
1839 1031 2663 456 302 1349 158
1838 2084 322 1839 2327 1349 657 1135
2106 2426 398 1309 472 222 2085 290
162 1609 1828 2487 1481 2120 1086 478 1346 1251
1494 1178 1429 1781 595 2487 750 1596 944
2461 302 1481 619 2052 330 1864
910 330 1481 1704 2593 1300 2171 1481 743
1086 273 1057 302 1086 2286 76 791 543


1798 2198 2487 2631 815 859 2682
258 266 2564 563 1895 1086 464
1798 2418 164 2106 1828 2543
2487 1776 547 2548 2257 839 1544 1241
201 2701 1456 601 2689 463 1127 839 302 918
1051 302 400 2327 1344 302 531 381
1839 1985 2256 2218 266 1231 1137
2612 1385 2548 2132 1687 1309 2457 2032
1839 1530 2252 2148 1895 1309 915
1530 1785 472 621 1838 1086 1478 641
2106 200 2132 2155 1309 2367 1985 1544 2435
2276 1789 1481 273 1839 1481 478 406 152 1237


2571 2257 2217 1828 2487 2148 2548 2487 2263 1174
1461 1530 1268 2362 1838 531 2286
556 1375 2217 1355 1985 863 2544 406
1839 1853 1346 2487 531 1346 2544 468
2487 1218 1839 1770 2487 2740 1839 949 428 719
2487 1844 2554 986 1839 2327 1885 1039
162 1910 2148 740 302 273 2106 271 1431
1839 1716 2392 2148 1086 273 2257 2548 1346
2548 437 2733 2297 1018 1828 2571 601
2548 731 2656 73 1085 302 1941 1912
1910 708 343 1456 2263 2090 1895 2595 2688
2426 1929 1828 627 2263 1478 1828 1838 1803


1086 1572 1057 1828 399 2148 2426 1586 2593
2571 917 2548 270 1839 266 348 1895 472 2331
1716 2553 2426 1019 1086 1163 757 285
1985 2327 2263 2362 2263 2544 1240 1309
2718 302 1481 2396 2544 791 2548 750 302 2148
250 1233 2426 1716 1789 1970 2689 266 765
2548 2426 1828 1985 1086 1355 2106 1985 1309 1929
2558 1481 164 2718 2426 1929 434 2571 1748
2548 2552 745 1349 2242 995 1000 2698
1100 1828 1644 1481 164 1973 2276 2257 82


556 2487 531 2419 2257 2427 1486 531 2268
1511 550 46 621 2467 2487 495 607 2654
2571 2426 1985 2419 1895 829 2253 1838 343
1 257 1895 478 1420
1839 302 2276 815 478 507 1896 1838 2103
162 1910 1086 1277 1789 1716 2169
556 1497 1985 273 1839 2553 1985 383
1456 2689 2263 1574 2263 1456 74 1456 2324
162 1897 1838 1791 2534 1453 273 74 2594
1838 2204 2487 1720 854 1838 478 862 576


1086 2239 2257 485 700 386 852
1839 2334 2217 2257 2064 1293 765
1985 2025 1811 304 1714 1876 531 877
1838 1683 2668 2000 740 334 2648 1050
2263 74 531 1211 2287 2487 750 1720
1286 1876 2534 1153 98 1720 1985 1720 968 1096
2276 1720 968 189 1481 86 1839 750 1985 2148
348 1211 1838 1086 2396 1565 618
2133 1838 2012 1838 2170 1787 1644 1309
910 1720 245 2674 1054 1838 644 152 765
1081 1178 2106 2534 1081 1876 1746 1828 880


1078 2426 401 1590 1895 516 1328 2272
2106 2548 2676 558 890 2701
1839 302 841 152 1892 1050 1580
1985 558 624 1081 302 152 488 1739
2611 2213 1146 66 2329
1839 2327 1224 422 1985 2718 1292 513
1716 2178 2426 2263 273 1839 1586 649
2668 2426 2109 1828 1169 1494 1789 2706


1481 2681 74 1086 545 1405 1483
1838 1020 545 1828 1838 2019 1086 576
545 2571 1177 2718 576 2571 1299 2548 2276
2109 26 1896 965 302 1471 56 1838 2019 2217
2106 2263 2426 94 550 1153 2730 1895 750
2612 688 2083 2263 214 1086 1583
1536 1644 2148 2705 2487 1346 1911
1839 1951 1655 1644 1086 205 512
1838 2019 2148 805 1895 1481 2590 141
1716 2109 2426 2428 1838 1474 250 2426 330 273 1309


522 2487 1487 2426 2098 2148 1838 1086 2535
2106 1716 551 487 302 1086 608
1838 2250 1086 706 1973 1253 1974 419
1985 1716 1086 474 995 1070 2668 2426 251
1557 2497 2714 1838 1309
1839 434 1086 112 2561 832 1908
2438 1644 932 2718 780 330 1876
2718 2090 2040 2416 302 554 2636
662 93 1530 2088 1086 793 1530 2636 1086 706
1985 1309 1839 1985 1086 1355 1429 2644 1683


250 1233 2426 1716 2496 302 2178 2643
1973 1004 771 2257 1828 39 1530 2636
2106 2088 1530 2636 1839 2636 1530 2088 646
330 302 2010 296 509 1838 1709 2148
1914 1530 1487 117 1838 636
250 1070 2426 1487 1690 1099 2091 995 1309
2426 2313 1195 1838 794 2461 266 765 601
1839 1365 2461 644 1973 2066 330 2694 544
2106 2088 2544 1204 1178 1086 53 2525


1973 302 1132 2487 1590 1839 363 1720
1839 2553 1341 1086 1355 1839 484 1086 2231
25 2148 2090 1838 472 1456 428 302 94
402 2090 2461 2090 2461 2487 2320 1097
80 245 2584 765 1839 2263 2584 1515
2487 2534 2426 222 1754 2421 698
910 302 2458 474 1086 1355 1678 1368
2090 1838 2354 558 1805 1895 2088 2182
995 559 2740 2583 1936 558 1941 1630
1985 1481 2590 273 353 516 2305 2181
2263 1716 2426 1765 1838 547 1086 2509 2487 1773


1973 1838 1946 1895 2590 1453 2580
2426 199 2652 2687 1895 1885 413
2426 2384 1338 1895 2068 72 2426 685
1839 2487 2593 129 2022 1547 1086 2519 972 2235
1716 1233 2426 2649 201 2701 1270 1838 1750
1839 1594 1473 478 917 200 1104 1576
1716 1233 2426 1105 558 2708 2264
802 555 1895 338 2521
2718 2426 2022 2578 2548 519 1828 2113 2500
2106 519 1488 2426 2321 1644 1309 2519 767
2327 2615 348 374 1839 53 480


1481 1762 2257 1685 2487 2327 609
2718 2426 1530 2570 968 1446 33
1839 595 1779 273 1839 2327 478 512 130
1839 2327 731 2320 2718 2426 2580 1580
250 2068 2610 1839 671 2530
2548 1459 1895 2023 2718 1286 2193
2106 1885 2706 2263 1767 302 1309 1030
266 765 2540 2668 1580 273 2544 791
2416 2487 2559 1895 1086 314 2222
556 2327 152 130 1895 2148 1838 1309 120 2258
2263 1831 1895 2068 1286 2257 750 210
152 652 2426 1909 2426 2503 302 1309
1839 266 2327 1081 258 2327 1629 1895 2148


519 266 1943 1086 61 2088
1839 2049 1530 1590 66 1456 2645
2458 1299 151 1781 1895 1481 1414 1923
1839 1018 1081 1789 1166 1530 1853 944
2162 708 1985 1086 273 1828 1985 152 1343
1568 1530 2386 1895 2261 1022
1123 1086 746 1174 414 2487 245 796 1046
1314 1069 2689 245 531 273 1123 458
2106 200 1292 424 1839 435 2704 929
463 1985 152 2481 598 1791 531 1985 531 273


333 2068 679 2180 968 2426 2358
1538 71 988 2487 1588 2701
1015 2487 2658 2198 1389 1243
1469 2400 264 2487 1810 2266
2487 1111 690 1644 531 1558 2198
1839 995 111 322 531 232 2443
436 702 1838 1852 2487 245 1132
1553 2571 1086 1218 472 1631 286 120 1265
65 1512 74 369 2461 995 2148 1286


1839 26 2148 819 1074 20 1086 1697
386 1828 763 2263 2025 2560 266 1805
1838 339 1016 1644 1086 597 2198
1985 1429 2314 2688 1895 516 113 1233 1571
2263 2393 1013 1839 1991 1828 441
1018 266 902 910 2426 968 1690 961
1646 2106 731 560 348 1117 2718 1481 273 1386
1839 1081 348 428 1839 1040 2327 2698 2582


1429 1456 1789 825 558 2263 2718 266 258 1096
2586 968 425 1839 1381 809 2608
2066 1839 1073 2609 596 1770 1839 1218
1839 1663 2437 699 302 1790 135
2327 1022 26 1913 1839 1553 2426 302 245
197 1481 1087 2487 1396
1827 1481 704 1456 2689 1481 704 348
1985 1838 1481 2341 2460 2426 1819 302 2345
1481 367 2666 2257 1481 695
516 1377 2471 2257 302 1086 273 1839 1651


1910 2148 500 2263 2350 2697 304 1789 1047
2446 1555 827 95 348 472
2571 1057 731 1925 2263 330 2487 2148 1427
20 1481 1138 1530 2148 1789 1215 210
302 1555 2697 95 595 2257 2106 472 141
2718 1018 2217 1552 1828 478 1869 1256
910 2544 2217 628 2590 2120 995 478 1800
2426 2109 1828 749 1556 1309
2106 330 1828 2571 2426 273 1309 302 516 1394
2548 266 521 2276 2276 2257 1481 1153 1956


2548 2604 808 826 1800
1838 1876 531 733 2297 330 2582 1895 270
2571 2426 525 770 1530 722 1348 1317
1939 2327 1086 1843 1895 1481 2563 1839 1310
1985 1463 2362 1069 1511 2305 1511 576
1511 437 1895 2458 2327 1511 2327 1511 1456
724 302 1481 130 330 1997 2166
2571 1716 2426 1586 1828 770 1299 1494 508
1078 2263 245 2715 2544 516 1371 2258
2263 2426 302 1481 1718 1586 529
1839 1530 2726 1895 2327 1481 488 791
2553 2534 2257 2064 2263 2064 2426 786 302 1309
245 786 2426 968 1716 546 188 2178 2148


250 1233 1086 1174 1054 557 1838 466
750 815 2590 517 495 1508
1985 1853 1289 1905 1838 468
805 1259 2632 1545 1481 2660
1985 1880 2571 1959 2263 1053 1431 1838 1309
1973 266 1481 1355 1365 2258 732 2661
1789 266 89 1174 546 188 1456 302 2563
1839 1292 2263 1989 1644 1309 1910 2461 1819 1074
253 100 1838 345 917 2331
519 1086 1067 1174 330 794 2458 2116 1163
2573 1789 2276 2106 750 1057 1789 1037


162 250 1481 2563 2487 1689 2109 2426 923
1973 266 765 2327 1806 2268 1895 2148
2534 1233 2276 815 627 1838 2276 815 1355 1819
1553 1985 245 1910 2641 1713 791
1839 1555 2519 273 1120 2522 1895 1520 472
2263 1530 245 2475 2426 2109 2258
1857 2217 1828 1481 460 1600 1604 2590 524
1838 692 622 2487 474 1895 273
2718 1300 1839 474 2571 1116 2544 310
1530 1826 2461 1439 556 2544 2528 1427


1939 2327 1086 95 1086 273 221 1939 708 2327
2426 330 2173 1481 2504 2418 1888
2446 266 628 1309 2327 1086 1947
1839 910 273 1759 2217 2257 1055 1975
2621 644 302 401 2327 2698 2688 1708


731 1618 1208 2263 1164 1064
1973 2426 1586 1984 882 995 1481 164
1481 2362 1839 1481 633 333 2688 140
1985 1690 2296 1247 2668 266 765
2418 266 765 1839 751 1838 1789 2696
1839 1973 2256 2325 2534 1337 40
1839 536 1481 2362 1839 1481 866 270
556 2326 1309 302 152 235 1553 595
2668 266 765 834 1838 1805 813 1310
69 1530 1481 2362 2508 1349 1838 1309
750 1530 1481 2362 521 839 1838 2148


2263 266 258 1349 2217 2257 1828 2327 1086 1975
1839 910 2217 2109 1789 1358 2426 1909 1349 1729
2263 2132 74 1309 2257 1895 1086 1304 492
2566 302 273 2263 1967 2148 1456 1893
512 1786 93 2426 1929 2454 1695
1839 1985 1086 19 1553 2571 2544 2132 1347 2148
519 2426 1120 1309 1086 2228 2257 1086 478 956
1839 2627 1349 1086 767 74 1279 2263 2228
596 1683 2600 1464 1839 2426 1120 596 1047
1839 596 1985 1086 19 2041 1644 2148 245 153
2106 1318 385 1086 767 1839 2426 348 472
2590 2450 1716 2132 95 2106 2148 210


1973 222 2426 177 1716 330 2276 1720 2064 1876
2106 1973 2426 1056 302 2606 1081 2553 1644 1309
1839 2721 601 348 601 302 2498 2713
1716 266 1161 2715 2070 2544 26 601
1838 868 2088 2487 1481 607 1202 2661
250 2279 2426 343 2276 1720 1789 1601 525
1530 2438 1644 1309 302 2089 2088
1973 302 33 2636 1481 1346 1417 2420
2327 1163 348 2295 1838 1876 2612 2426 1876 1309
1839 2295 601 1163 1973 2606 330 2019 1309 2148


519 2145 1371 1895 1086 1009 1857 2580
206 1637 757 1828 1434 1086 955
1985 1716 2171 1895 2036 2426 2279 1789 458
995 2196 1070 2288 2668 266 1365 2347
1429 1498 1716 2446 1086 2069 120 2632
1341 2712 2740 2706 995 1309
1985 2007 2580 1233 2736 596 2642 1839 1597
2548 1121 2548 2321 682 2668 1292 2279 1789
2106 1646 2580 2126 2148 2263 2426 1586 1828 2580
1838 2433 1490 2678 1895 2033 1973 266 765 2222
2106 2263 2571 607 1895 2740 1839 2260 1687
2426 304 1287 972 1600 2487 1086 2521


117 2697 1067 1912 1839 2361 952
348 596 2487 1309 1246 2426 251
2141 1086 2580 117 1086 2507
2458 30 2487 2262 175 2232
1985 1973 2458 2123 1212 348 2222
302 2552 1693 1895 273 1838 1309
1086 1934 521 525 1895 983 2487 2697 210
591 2567 1838 1019 646 2487 2053
1530 731 2262 1677 2128 995 1309
556 1553 2106 1286 816 1168 1955 656
1895 1481 1346 1774 1285 2217 1838 2148
245 958 2426 681 2106 1716 1429 2525 1467
2426 2254 708 1168 1955 1839 2732 1796 566


2276 2701 1839 164 348 558 1656 2471
250 1838 1948 1023 1895 1481 2660
2276 2701 1086 164 1481 2650 2660 2279 1238
1086 164 2276 2701 1184 1895 2263 1854
1086 164 2544 1497 2263 266 302 2461 1365 1030
1342 2205 991 2487 1294 1720
2106 1546 2544 2263 2315 1175
1839 118 302 2461 1481 1346 1719 1050
1242 1895 474 2327 2318 1838 880
1839 1530 152 1971 2257 959
2548 93 2276 202 1831 2257 1481 1573 2268
1839 1086 578 1854 1481 1595 273 1895 164


650 2276 2701 1839 164 1345 2257 452
1839 2600 2544 1153 98 1286 1667 117
1511 164 302 273 2487 187 2265 2544 2285
2487 1086 478 91 1716 1086 2701 2544 64
1839 1838 191 2453 2243 1086 164
241 1300 2276 2701 2257 1086 578 1976
1839 302 531 474 1895 273 2544 899 2726
2571 1980 1530 1481 91 1511 1086 273
1481 1355 895 765 2518 1690 2487 2148
1839 2426 1586 1690 2487 708 1839 1081 2487 1309
1511 519 1081 1056 1481 91 302 1086 2660


250 1589 1824 2426 1973 2426 452 1086 955
2600 475 1821 1878 2272 1838 2006
2263 1838 1086 406 2217 1283 1270 2347
995 509 1895 1675 302 1598 664 1895 829
2106 266 1838 401 1086 1523 479 348
222 805 1843 1286 1086 2158 1975
266 2064 1895 1348 1839 2276 249 2303
765 2077 686 1895 1853 1289 1888
1309 968 2426 1828 351 2652 302 437 2255
299 2668 266 765 1828 1018 2426 1842 266 765
2249 337 2015 1895 1086 2396


1545 2263 1300 519 76 2263 1300 816
1973 2426 1057 1876 1309 2164 1644 1086 2236
1973 2548 1481 273 74 1904 531 1613 1617
1954 1838 2263 1376 1530 420 705
1545 2263 1300 1973 266 2049 1411 309
1839 2727 54 2148 2487 2263 1218 750 2701
1973 273 2005 995 115 2217 1824
1057 176 1683 1895 1364 137
1545 2263 1300 330 2426 1130 2148 1439
2249 1352 1895 2276 815 5
1838 2722 947 176 1644 1481 2268
1838 524 1299 2148 266 258 51 1895 1107
200 2370 1838 273 2426 1233 1380 1429 2501


250 2532 330 2426 2494 1644 787
2544 752 2263 1884 1839 2263 2273 1838 343
93 1070 167 348 1422 995 1481 767
1579 2263 785 2148 2533 2487 1086 1576
531 1625 1909 1828 1570 521 525 995 1309
1491 933 1053 1942 2461 1644
2263 953 2473 2304 305 531 2443
2718 1442 1292 2127 2487 1664
1456 2 1838 2148 2689 1094 1838 531 1771
1985 2263 593 1065 2544 2427 245 302 1086 706
1086 1975 1050 1290 1839 1086 681 2079


1895 1086 1017 1616 1973 995 1309 2426 1570
995 2668 266 765 2370 757 2426 2098 2148 779
2612 2426 2496 1895 616 2257 1429 2356
162 2534 2454 1929 1086 1299 1239 1716 1683
1973 2262 1141 1233 1896 2106 1835
1716 757 2426 933 1018 1610 1644 840
302 1740 1570 1429 175 1057 2426 1746
1716 1233 1429 754 2487 1086 2507 434 1516
2106 273 1985 273 93 1057 2454 1086 326
357 1309 598 1108 1839 2258 2461 524 1838 1410


2571 1586 2426 2548 462 1161 1601 1298
1233 1819 2461 1838 531 2590 865 1237
1154 1292 1929 1828 1853 782 1492
1985 78 1034 21 1895 1867 2435
751 348 17 2571 1965 1839 2571 1039
200 1867 349 302 2263 917 1808 2452
2090 154 1895 2563 1081 1205 55 348
2571 2257 622 2263 2013 1714 2548 1086 2255
1511 2548 2510 2718 2277 2544 2443
1838 26 550 1755 298 1633
1530 2022 2387 531 2039 1892
1601 348 1714 1161 1856 1605 1515
521 1123 1838 1328 521 1145 1838 94


2263 842 1895 629 2070 1644 1714 1320
200 1853 472 74 1853 472 472 2420
1839 1714 2106 472 1233 1853 2715 2482
192 2592 1839 62
2257 2536 742 2611 1714
1644 860 2073 2327 765 1895 2362 2452
1839 1714 302 1378 2691 348 2682 2022
1914 2544 2715 1895 2000 2362 2019
117 2548 2000 1901 2544 2193
1839 1714 302 1853 1601 86 2350 1746
302 2327 1674 644 1714 968 550 2268
2106 1714 2090 2464 2464 1714 1985 170 164


1530 2263 2590 863 2718 1310 2544 2258
2044 1277 1346 2106 670 2350 2217 227
580 2174 968 333 2548 2223 2569
2548 2620 1312 1895 1088
1585 1644 516 425 1839 1430 2548 606
1973 2061 701 152 369 1554 32
2106 1985 152 2699 249 2257 152 2019
1739 1838 841 2590 2586 330 1828 2571
1973 2263 1057 2734 1086 2286 284 2000 1310


1828 203 1494 79 1504
1895 355 1057 345 245 2201 1343
2106 1714 1057 1265 1456 601 302 2458 1333
1973 486 2471 1057 1095 1263
1494 1119 531 2190 1494 1797 1387 952 1057 1031
2089 2572 1895 2000 1593
1057 1714 1516 1074 2000 627 1057 1690 1683 1794
1553 302 568 1895 2327 2335
2263 1548 245 322 2367 1838 810 2063
2571 2612 1326 2263 2000 1355 2377
1714 791 302 245 1839 2365 302 314 1720


2590 273 2692 1481 2159 1789 2217 1828 1358
1481 2115 757 1688 1789 2689 1931
2718 2106 1845 1530 1833 2257 2280
2556 1533 302 531 844 1283
2571 273 1789 266 2446 1845 266 2616
2556 1876 1955 1839 330 1828 1225
1910 245 566 185 2090 1496 1789
2718 130 966 2668 2697 1370 2022
816 1204 1838 916 2263 1973 1081 1876
2496 1895 273 1456 1021 2109 1789 1407
1511 675 2217 2448 2718 521 333 1895 2303
1987 2061 2214 883 1456 1092 1456 1039


521 2000 2043 2534 757 2426 330 2106 1320
1341 281 1839 188 1895 2000 2507
2426 968 1429 4 1300 558 2327 1838 259
1494 325 1838 330 2612 1714 12
1078 2426 1086 1588 1199 2008 1985 1714
1494 2321 1249 1895 938 460
1973 1714 968 1866 2000 533 66 2520
1494 2428 2426 2100 2487 1086 1493 2580
2668 1714 2109 1789 1511 2000 24 768
299 2668 1714 348 250 2178 1714 26 731
2571 740 1795 2257 273 2263 302 2000 1929
1018 1714 330 437 621 1292 1525 1429 2698


2263 1366 398 2263 525 2148 1231 2000 2043
2426 757 302 2580 921 2000 188 1895 2435
521 2000 2439 1992 1838 2347 2000 1600
162 1910 2148 1186 521 558 2000 1640
20 2444 1714 1895 272
1789 2668 1714 1066 2000 2322 2257 2571 2414
1838 2534 1714 1929 1838 1714 2217 2544 562
2000 1355 1838 1509 1895 2251 290
2426 1586 1838 1383 1018 1890 2571 1789 1793
1828 1940 2000 2435 1789 2217 2698 1511 2688


519 595 1789 641 2022 2106 2263 2718 2257
74 2596 2500 250 348 1555 1982 2245
162 2263 2572 1879 2487 1550 2553
1553 1895 1665 1125 2020 1895 618
2019 2148 2000 334 302 550 1596 1468
200 706 558 1231 302 103 1824 1096
2263 2426 1283 1876 2534 1002 322 1879 343
1838 245 223 537 1895 2000 1560
1463 2350 348 246 1511 1463 2704 1081
1511 1463 1220 1789 2720
162 1598 2426 1586 1001 1895 844 1163
1838 1581 171 968 2480 2516 627


2571 330 1555 1029 453 1838 152 480
2600 121 2724 2487 2263 2718 1666 2500
302 820 1487 2327 1724 330 2486
1151 66 302 1415 1895 2661
1839 1300 2263 1604 2544 1286 531 1139 356
1300 2544 2506 1302 2452 1644 270
2575 1644 440 1895 2631 1310
1839 641 993 2106 1985 531 1858 1838 361
1839 910 1838 188 302 94 1086 2286 1057 2632
1826 1481 2563 2171 531 2455 859


2257 2217 1481 1929 1481 334 757 434 832
1086 2532 2561 1838 703 2636
781 2070 2090 1838 1309 330 2082 1086 2660
2571 1070 995 2364 305 1086 2582 1838 1700
1838 1683 2367 2124 1839 1171 2120 302 2148
1734 1839 262 1895 1481 1406
162 1429 1481 273 1018 607 2257 1828 2571 1177
2217 2257 1086 273 2263 2013 2276 2701 226
2276 815 740 273 2263 2544 1086 712 1711
1838 1430 1681 76 1985 1481 19
1985 1309 1199 2426 1078 266 1365 975 1649
995 2148 1070 2091 2487 1321 2327 495 2135


1839 2327 1086 2581 1839 2327 1086 1853 2268
1839 1985 245 1741 595 2257 1429 2374
2217 2257 2571 869 1595 302 1086 164
1429 86 2571 740 1429 1310 1895 516 555
1839 1985 1086 1355 2276 815 2563 330 538
2548 2426 2327 1464 302 2327 2289 776
2106 1973 1086 1572 1708 2148 1086 1355 659
2276 815 2434 1458 772 2426 1791
1355 2571 2686 1857 1143
386 1309 1086 1355 2263 1985 1086 1355 2426 627
127 1086 1046 2487 2362 1895 1481 1163


1545 1086 273 1057 1789 2548 2426 1586 1286
1973 2120 968 2284 531 158 1839 666 531 1251
2487 1781 1839 2470 1973 531 2388 286
348 642 1511 1703 2367 1895 2660
436 895 898 1895 531 1361
1985 516 2744 330 2426 1286 1686
1545 109 2410 2455 2117
2263 1292 1057 2205 2137 995 1593
1086 2590 478 2362 1018 1086 1559 1934
531 2362 1057 302 2458 1152 1781 1789 2358
1839 1081 1057 791 1839 1292 302 708 1690 1243


1973 2426 968 2358 1530 972 2457 859 1899
1839 673 253 2043 1838 848 2654
1973 2426 968 2358 2669 2670 956
2489 1644 1743 1895 966
1839 1336 313 680 1895 2343 1460
2200 1696 2487 2228 1839 2228 2487 1696
1973 2426 968 2358 516 168 1895 2509
1511 2509 2217 1355 2189 1838 2103
713 74 739 2148 93 1838 667
2263 1300 1929 816 1839 1939 1086 273 895
245 2580 2257 2548 2187 2718 1053 1752
2106 1594 1838 968 2263 2718 2217 1447 1838 1120


200 673 1494 971 1494 2740 1494 1561 2642
250 2487 245 2654 1057 2362 561 2401
1161 2096 2257 1429 849 2689 1124
162 250 1057 2061 2209 701 561 2367
1973 542 395 348 1828 2571 951
1494 1267 1895 1900 2571 2414 2106 1300 1780
1057 972 2064 2184 995 972 2255 1030 306
1511 2534 2414 859 1233 561 531 2262 2069 1168
1511 556 531 274 1895 2362 1233 398
162 2464 2462 245 1684 968 1283
2263 302 1152 1731 1086 273 2109 1690 1265 601


2533 2487 2327 2458 1985 1482 1019 2426 31
2548 1838 677 5 1611 2001
1839 2390 207 850 96
1839 1854 2634 1738 1274
1839 507 1530 1788 651 1632
1839 765 525 2729 1530 1705
1839 2447 876 381 877
1839 2111 1153 149 430 2698
2533 2487 2327 2458 995 2458 2279 2426 1789 2222
299 2263 1838 1739 2426 524 1086 273 210


2263 1741 1530 2461 2489 757 123
1839 1044 2217 1355 2487 531 1627
2370 757 839 127 1817 531 2073
1839 628 33 1059 1895 531 204 400
2370 757 1299 2362 119 669
2586 1895 2715 200 531 1419 2257 740
2370 757 1292 791 1286 1385 2493 2257
1985 2132 74 1429 2136 1286 2106 531
1839 2622 1895 2068 699 1341 531 1769
162 2461 2132 2417 1838 2019 2534 2305 2132 1123
302 1163 917 200 2500 2458 1245 2571 2332


1973 2362 1871 1839 424 2548 986 330 1286
2500 2458 467 1563 1895 1346 1857 2001
1511 999 773 1644 778 1251
2500 1278 1582 1895 2023
1838 791 23 1934 1644 2071 608
302 2461 731 1359 1596 2120 348 2358
20 2327 863 2217 1355 1839 740
1158 1429 2102 1895 1372 1243
83 1429 2593 1838 1638 531 2362 2022
1839 2461 2548 1985 1921 2544 1385 1696
1838 2019 839 765 2534 2362 1824 1895 70


731 130 1895 1309 2263 2405 2701 2544 2503
1054 641 2263 588 1895 609 1233 2093
2327 1918 390 1895 887 2258 1309 2263 1831
2130 965 1310 1553 2571 2548 445 1027
1481 1573 93 2487 1573 627 2257 1997
2106 731 593 1918 2263 2258 1309 2571 750 815
302 1464 515 330 245 627 356
1530 2188 1099 2689 1454 74 1275
1081 2553 305 2220 1895 1481 706
1839 2263 302 2241 1081 1148 1530 1481 2582
1838 1481 1346 981 2679 2415 614 1895 275
611 2257 245 2263 266 1365 572 1796


2263 266 765 1725 1057 1828 1789 1481 857
788 1895 2362 2257 373
1937 2263 2397 302 1941 1790 1912
2571 266 1789 1153 1271 2544 2106 1043
1481 2563 2673 521 1201 1895 1300
1985 2437 1445 366 1554 2544 273
266 258 1024 1530 2339 1895 543 1163
1980 1828 913 1511 1607 521 60
910 245 1481 627 1053 1789 2571 1481 627
1838 1408 2652 469 749 1404
519 550 373 1895 2698 369 1828 1481 2019


1429 2525 1144 1985 2148 1973 2426 1586 33
2689 1714 1057 2204 934 559 518
2258 224 1838 2597 2263 2426 1586 696
1673 519 1714 1791 245 300 1801 1828
1354 2263 2594 2217 1985 2426 273 1714 2571
2263 2426 302 2000 2590 474 2279 1789 422
519 1702 1644 2148 1716 757 26 1714 1576
162 519 2426 343 1714 2553 1341 245 2286
1973 2426 15 505 1586 2487 532
330 1828 2571 607 2548 1086 1299 2522 468
2106 1910 2000 273 1553 2487 1086 1934 2103
319 446 322 757 2553 305 2000 2521
1839 2082 1714 2487 2148 2611 2426 1586 2222


162 319 2597 757 783 1714 1838 1303
2534 2681 1871 302 2148 2263 1714 757 273
2611 1086 1019 2519 273 2253 2148 1458
1985 1714 302 2148 1233 641 805 929
2462 1714 2279 1485 550 1276 1030
1838 330 1456 1985 2148 2689 2276 815 5
1839 1585 1456 627 1341 1414 2426
2689 2311 1310 2279 2269 2542
162 319 2000 740 273 2109 1896 839 302 245
2263 1714 1985 273 1571 2688 1895 2148 157
1086 2522 1789 1580 2668 1086 2239 2257
1839 791 1429 1456 1838 403 1494 2148 1494 1714
1985 2426 1586 9 1530 2263 2718 2426 1819 1074
1839 2571 757 1714 1838 273 1885 641 2563


1973 1519 2163 1511 2464 1511 163 330 1585
1341 731 2194 2718 296 1545 387
965 1260 2150 2668 2054 2160 1944 2099
2718 1530 1839 1530 1152 2636 2544 1939 895
2352 2071 1355 2263 1360 2652 2327 302 712
2263 1644 2042 1895 531 270 2544 1030
2577 2487 2263 2718 2217 1824 748 1530
1838 273 2263 2688 2718 266 304 524 1438 917


2106 1789 2421 1973 2263 2457 1691
20 2327 2016 1057 1367 2148 895
1086 1934 74 302 245 300 550 1459
2718 1985 1953 1690 2487 1309 1057 2347
571 2268 1824 1510 1838 1309
2183 1233 968 2106 2740 2718 2257 531 1831
1086 360 2257 750 1806 2268 1895 2148
2571 1716 266 258 2106 893 1863 1895 1934
686 1895 0 1086 2239 521 33
495 2628 1895 1309 1838 1789 353
1281 1895 2263 2257 2263 2718 2217 1855
1839 2263 2257 245 1839 245 2487 1309 1129


2571 348 1714 1838 1086 474 2548 2185 1838 1934
1511 2548 1350 879 348 1838 638
1839 1985 573 1895 1714 2426 561 516 2203
1286 88 2064 1838 1789 2487 1714 210
1716 1661 2263 2597 2109 1876 1086 2435
1984 2327 333 2487 914 1644 2000 2660
1839 1530 1839 1530 1927 1763 1985 2208
365 1511 28 1429 1800
299 2534 2257 1123 1511 304 995 1714 1789 452
93 330 2426 1176 1839 1928 2088 1530 2088


2370 2257 1086 2286 2571 293 1895 2022 1892
2571 1070 995 823 1511 1387 547
2370 2487 622 330 2426 1828 643 84
1838 800 1807 1839 1838 1782 629
2370 1431 2426 1690 2327 472 76 2720
1839 434 732 302 2474 645
2263 1853 1329 2544 1678 2313 1086 2522
2290 152 1069 1839 2668 1081 120 1851
162 1746 2590 273 2426 344 1431 1895 1714
1839 1714 1839 273 348 1690 1086 517
2571 2327 1086 2064 2257 2657 2593 56 2022
1162 1955 2534 2257 687 1830
1985 2548 618 2257 1204 2022 1839 2593
2571 2257 1086 273 1690 1717 2534 2257 958


1481 1572 1929 2019 1309 250 1481 1356 1548
1481 138 250 1481 4 1029 2235
2458 737 2163 1481 44 2105 1929 874
1882 2718 1481 1572 1929 271 2019
1895 239 1382 1929 2258 1309 1593
2553 2534 1481 1593 1053 884
352 1838 2458 2235 1228 1839 266 2049 1683
731 822 186 1452 995 1481 1736
1838 1939 438 1760 1895 1481 706
2458 1715 2571 1090 2548 266 1540 2553
1057 613 1309 1839 607 2072 1481 1468


2571 1090 968 2426 683 1309 1985 1086 1174
1839 1279 516 1346 836 302 1086 2286
2548 1853 178 944 74 1707 1086 406
750 1720 2263 739 1799 1644 2472 1838 923
1839 2532 984 2557 1838 1136
1839 2480 644 2147 758
910 1789 222 2622 1895 2263 2718 2426 647
1161 1584 2257 750 1839 2001 1895 1309
302 1321 491 266 1365 2106 2093 2144
1839 2110 2487 1481 2590 2317 278 1789
2106 266 765 2327 1086 765 1839 1365 1400
2548 2472 2548 318 1086 151 984


1078 2426 210 120 675 1341 1481 2412
1086 2286 210 1123 2327 1481 2418 644
2106 1286 1086 2436 100 348 1575
1839 1086 812 1174 2544 2258 201 1464 2724
2426 2057 2590 273 1481 2495 517
1282 2672 1895 2728 944
910 2534 1895 1309 1481 2221 2544 466
1292 1449 1309 1895 1839 2003 2217 1309 1955
1292 126 1309 2699 1839 1292 1213 2263 1329
1839 1279 2217 302 1481 2073 1292 1233 1861
1429 627 1838 1309 2106 2534 302 1309 2544 791
1716 1273 2461 1828 1985 2263 2718 1292 2544 343
200 2534 1292 48 1309 266 1481 1355 1365 2578


162 250 2426 183 1973 2426 1895 1714 330 1431
457 837 360 2544 406 2000 2522
1839 302 1037 903 846 2327 531 1283
1838 26 2148 2729 2483 1895 2000 2440
2106 200 2000 2563 1908 2548 1496 2257
792 2548 1340 945 2544 874
1086 962 379 1080 1070 1838 531
1644 2000 1862 1460 2544 2588 2193
1511 521 1757 2426 1586 2028 16
1292 1895 1451 2707 1839 1895 736 1892
1716 519 1292 1428 1839 2426 1789 1904 895
2086 1824 245 1086 273 1824 1086 2103


1511 2426 1057 791 2000 2319 1838 26
1511 1714 1943 1973 2426 302 2740 1586 1620
995 2528 2000 1593 1019 1053 1939
2446 302 2148 2600 2268 1929 1789 1369
2000 2522 995 2528 172 1934 1057 968
1018 2426 66 2222 1838 2327 2597 304 1739
2183 1233 2635 2148 2106 184 1010
1973 1714 806 302 363 1720 1057 1030
2000 728 1057 1789 1086 2418 2286
1839 1918 1838 1789 2000 521 1057 468
1714 1690 1057 791 516 2699 74 1086 944
2668 701 222 2125 1553 302 549 1895 1022


2426 2057 266 2218 1828 569 1838 1086 1174
11 56 2718 676 406
1895 152 1346 557 1392 1853 1468
266 765 2548 1346 302 1477 2548 302 400
2172 1481 2563 1534 413 1086 627
1839 751 765 236 1838 669 190
550 506 2045 1895 1541 1163
1839 330 2571 273 910 1973 1081 968 2195
2534 553 1967 359 1233 2482
266 271 1346 2218 271 594
302 740 35 56 1530 1481 1068 767
1839 152 2484 127 1283 1789 2704 211
2668 320 2356 158 302 1309 2217 2257 1735


2426 2205 1628 2263 1714 120 127 2356
1839 751 1838 2000 1346 1429 127 2452
2426 1279 1511 2580 2426 1279 1714 120 1191
2263 293 2552 1895 835 2031
1839 751 968 2426 2146 302 2000 1956
2263 1714 2000 1355 521 159 2688 1283 2019
250 1070 653 2177 2544 816 495 1455
2483 1895 2563 2534 2563 302 1714 2544 1796
245 490 1985 1086 1741 1714 120 1812
2718 1057 1789 222 1086 488 521 1959
1985 2426 497 1828 2362 521 801
1973 1321 2279 2258 1934 1839 1819 122
595 699 1456 1934 302 472 1895 2000 1346 1720
2689 596 2000 435 1233 302 627 1485


556 2257 2217 2263 118 222 2718 1233 343 1456
2689 245 428 627 2263 1714 210 348 1714
2718 757 747 2668 2000 166 1542
311 1658 2249 2263 944 2544 2365
2263 1838 531 557 126 1828 550 1768 488
2106 1292 2263 347 1895 1714 519 1292 1233 2313
1910 2461 2106 354 2534 302 1714 2257 2594
1828 1158 171 2534 1385 525 2571 2215
1839 516 1182 1057 2440 531 576
1158 531 2481 37 1853 2668
521 1657 1644 627 2718 1987 2000 1518 171


1086 2729 1174 302 1689 1619 1349 1690
781 1110 1895 2000 627 2598 2693
2162 152 103 2487 2658 2177
1839 4 279 1530 2327 2514 1221
2426 2321 1153 474 1078 1464 1431 1153 56
1838 1853 442 2263 1998 360 145
302 2383 1122 1895 2688 2382 944
1758 1714 931 2426 343 386 2571 386 740
1839 1838 2409 1895 627 2679 2055 1456
2106 2263 2257 302 1086 2580 1161 273 1838 1714
1716 1321 1985 476 1895 56 141
2148 1985 1086 1959 474 2483 302 1256


1824 2217 982 333 945 1895 531 1177 2286
1992 1985 1236 1895 2327 495 4 1714
1158 152 2129 2716 700 1081 1542
1824 2217 531 360 1530 672 739 1838 1431
755 1656 2152 2263 1261 2148 33
2312 2461 2412 1086 2286 67
1292 1494 2263 2340 1041 1721
2718 693 943 2461 2487 99
2548 1648 1895 1086 490 1053 1474
2426 1824 1828 812 1895 437 2419 995 779
2106 1973 2000 316 666 2652 531 300
1716 1145 2426 1498 2263 714 2276


2391 266 765 495 2519 1985 1086 365
717 1895 1481 2563 1605 1309 814
1086 2709 302 1309 348 2327 2157
1985 250 330 2426 561 1309 2106 1530 1481 2230
1839 1985 2263 282 2668 2257 1086 2142
2368 1895 245 1346 1139 302 2148 2257 1471
2571 1481 1177 1139 1341 1401 796
431 2364 1955 1644 2704 1147 1158
93 968 2426 1123 1309 2548 2491 2544 1538
302 1056 1722 2106 2466 1429 516 1498


1973 266 2049 1789 948 1838 2452 2148 2661
1839 2724 1086 2681 302 1454 1895 1765
1341 1481 1771 1545 1086 1355 598 2638
1839 929 1309 1276 1018 266 765 96
2487 2276 815 1514 521 2064 2543
1341 1481 2268 2426 1233 2452 2567 2710
2263 266 302 2627 2148 2049 680 607 488
1839 2426 1530 245 1929 1789 1966 495
1985 858 2327 1086 512 474 1644 1309
710 2263 1838 1086 1355 2426 330
2076 1309 1949 777 2148
516 2257 1086 273 1838 1309 2426 2571 562
2263 1985 1481 1854 1086 1355 1929 874 2327 743


1545 1481 176 1158 1429 582
1838 2452 541 1341 405 547
2548 598 1086 1355 1132 457 1481 1929
2426 1929 1760 2456 1839 2553 629
1789 882 995 1481 2589 1839 302 1086 1574
1481 2590 649 2522 1429 1456 1057 2365
1985 1309 1545 1086 1355 598 1391 2346
1985 2426 304 2246 273 2461 401 266 1365 1651


1716 1651 2148 1973 266 1540 519 76 1286
1286 781 2597 2257 52 1086 2582 1838 153
1591 2487 1778 1895 1590 26 2148 2207
1839 330 1828 2625 302 1985 201 1203
2258 1828 2671 2636 1642 1963
519 266 1540 524 2148 330 1828 524 2148 1245
2106 302 1301 816 2571 1057 2426 2742
558 1231 571 1704 1895 722 1283
1839 1464 1306 1895 1576 2718 1286 1896 1576
2378 2487 2228 1895 1309 1929 1828 1896 2571


550 488 302 152 1069 550 302 152 877
550 302 152 2305 550 302 152 1253 2159
550 302 152 2298 1018 489 2698
550 302 152 2308 1839 1732 550 302 152 754
700 2217 396 1930 755 1224
2106 2458 2465 348 1828 1086 1148
2327 2458 2426 2704 302 472 1764 2064
1481 273 2257 2704 2689 2472 1069 1838 2148
105 2689 2305 1172 2689 2298 2381
1895 1456 1800 2689 2308 1839 2328 1789
1839 1232 1309 1895 2327 363 1892 2426 1474
2327 245 895 1839 2148 222 1388 26


2106 330 1481 1704 1838 628 1481 1355 895
1985 654 1895 1934 266 765 656 2276
1839 1934 1429 2525 2689 1481 273 1929 2347
1985 2217 1872 1341 2263 273 1895 750
1716 2356 2426 1828 1838 2419 2086 1895 1208
1973 302 1792 1895 708 1086 1934 74 480
2426 1876 837 2509 1838 2148 854
200 2263 1086 1934 1644 1481 312 2544 1030
162 2534 1849 2138 330 2426 1683
2178 1838 968 1481 273 2178 1838 1739
2106 2161 2571 180 2263 1447 1429 2694


2571 1057 2426 791 2014 266 765 740
2090 640 417 2571 478 2198
2109 1690 1896 273 1838 2148 1018 238 2022
1481 1277 2487 2148 1481 164 302 1464 2724
1985 595 1233 791 1429 970 302 750 2701
751 302 2263 2426 1053 1746 1481 547
2257 2594 302 2637 1839 855 1839 2470 629
2106 1375 302 1481 1775 120 891
2263 302 1481 2198 2590 273 757 76 2365
1481 1277 757 641 779 2106 409 2313
519 1481 2590 2699 1645 1828 1481 2019


1081 2263 968 1528 1838 520 1839 1929 330 2464
2263 330 1828 330 115 1081 222 330 2019
556 1583 1321 348 841 2548 971
856 1829 1839 1838 2296 1835
1081 1742 330 715 1941 2317
1839 417 2631 282 995 2403
1321 2106 2376 1895 152 1159
2156 981 2257 1838 730 2590
1018 1838 2217 1355 2217 249 791 1839 1739
2106 519 2263 981 2487 2628 967 1155
564 2263 1636 614 1070 171 2689 275


250 2590 1839 2495 1365 266 26 2505
2718 2090 2613 302 1295 1419
2544 1216 2220 1895 1481 2024 2522
162 302 2534 1135 1365 266 1481 704 1840
2263 1574 2263 1284 2477 1895 1481 1163
1158 2621 1110 1644 1481 332
2429 1481 2522 1672 201 2698 1956
162 2534 631 968 731 1188 1707
2718 1985 152 1886 2210 2367 1309
1839 2327 1885 98 1838 1346 2263 1720 1233 1876
1939 2293 2519 164 1895 245 1490 212
384 2117 2029 2544 1120 531 2115


550 343 1481 644 2257 270 1839 2418 332
596 644 1839 1913 348 1909 1895 1456 1839 1127
2571 348 731 1635 2263 302 1309 348 2358
1838 102 1214 1839 1985 740 1885 1654
250 2068 2617 1283 552 2371 697
519 2090 483 1292 1879 531 1277 2229
2106 330 1828 2571 2426 273 1309 302 516 1394
2548 266 521 2276 2276 2257 1481 1153 1956


250 2090 1012 74 1086 938 2596
995 1309 493 1895 1308 1808
1839 910 245 1300 2706 1824 2061 1300
2056 1118 1777 2487 428 1938
2558 1421 350 1895 663
910 245 660 388 1847 1838 2148
1985 2102 1839 531 1115 1383 1644 1309
1839 266 895 571 1944 348 801
1511 519 1081 923 386 2487 2571 1017 1443
2263 2163 2553 2400 574 1870 2135


995 1714 968 2426 2596 882 302 954
1973 2151 2607 1537 302 2327 531 1958
74 2427 2247 1895 270 302 1853 621
2263 2532 760 2723 1839 1353 2487 2461
910 1494 429 1895 1944 1494 2160 614
1879 26 2148 437 2061 2197 2313
1511 995 152 2622 1612 411 708 2668 1081 1542
1494 120 2426 537 558 853 1495
1494 627 668 804 302 2044
1081 1857 2106 2590 2106 1990 1895 1800
189 2611 1714 1714 2216 1895 2327 731
910 1847 2217 2448 1690 1839 1714 895
2548 2487 2000 2715 2426 2487 2458 120 1430


146 1505 93 120 2426 536
519 1828 995 1086 478 701 1621 1892
2718 1644 1481 182 1397 1985 2094 1818
302 1086 478 2485 266 258 495 632 1133
798 2426 1643 1985 1481 859
472 1766 403 241 1495 2431
1839 1838 531 2504 1123 565 1481 701
2106 1985 531 534 302 1892 1895 2327 531 2337
2224 2437 2360 2461 2652 1838 1019
1456 986 2426 1652 910 2426 2464 1879 1876


1838 1571 1895 2263 2718 1605 1309 2327 1481 1283
27 1481 1528 1838 2482 2628 1581 2661
2496 461 1174 1839 2732 389
302 2418 100 1300 2571 2555 1830
923 1838 181 2263 2544 1481 104 2107
1839 1605 1481 944 596 877 1839 517
519 1300 968 437 1425 2614 595
519 437 1789 1881 1838 2103
1839 26 972 2140 508 818
2258 1086 273 2440 2550 2689 1300 828 1934


162 1470 1174 2534 1057 1789 1481 1180
1985 1481 2038 1895 1310 302 2362 1133
596 1310 1839 2362 1644 1086 273 1872
2571 1365 266 495 1839 1787 1060
2106 2064 2257 2064 519 2205 2587
2131 1292 494 1429 627 1540 266 1789 1959
1838 26 2461 607 345 147 2129
1839 1838 1789 931 1895 1028 910 1838 1789
1716 330 1481 973 1174 2426 752 1309 250
1838 26 2461 1896 917 2528 2548 1292 1708 1286


1086 273 2257 57 1018 1456 1005 302 1059
2426 273 1828 1127 1018 1127 1606 2193
291 1574 2544 1149 1853 2668
1555 273 1824 2022 1839 1716 2106 302 954
1973 2426 1824 2167 1838 54 2217 2487 1086 104
1828 2263 730 2257 1127 1592 1286
2689 1973 1349 691 1936 120 1957 885
1839 1135 414 572 1120 152 2519 1800
751 2090 1349 2426 1984 561 1086 1574
2131 2426 2279 1828 1017 1714 2487 1086 2060


2263 1232 516 1993 1838 2019 1349 1892
1416 2327 965 2257 1895 1456 2563
2689 1973 2217 74 1086 987 627 1486
162 1940 2148 1828 519 2426 1429 1456 1233 1431
2553 302 2000 1572 1839 595 985 308
2263 394 1086 1033 732 1458
2267 1086 1781 1839 2076 2148 1132
1857 2217 1828 784 1716 2248 1838 2093
1838 610 894 2263 2500 1824 2688
1985 1838 1429 1464 309 1086 1873 1320
2689 1895 2000 2317 1839 2000 114 1838 2313
1839 1456 607 1456 2689 302 1086 2286 1233 2166
2000 815 1572 1708 1714 1973 1714 2553 302 2217


1838 2148 1346 767 1714 2205 1233 1789 2593
1985 2548 1714 1857 1973 1231 2000 2701 2426 592
516 924 2000 2362 1690 2630 1363 1829
968 995 247 327 2630 1258 1892
302 2065 1895 455 968 2426 2358
2630 2607 996 302 2630 603 421 1187
200 1231 2426 1628 1714 1192 2718 910 348 1243
1646 910 2544 2362 2090 530 859
628 995 531 1219 1839 1429 1516 799
74 175 1839 2276 2701 2109 1789 502


1910 1828 1086 273 1789 1954 382
1494 1086 649 2548 201 2302 2019
200 2327 928 1086 448 1839 1518 1789
1838 472 1895 472 1690 516 1839 76 2571
1915 2257 1086 273 1845 2556 1915
1690 170 302 909 1159
751 1086 2286 1838 904 459
472 621 523 2163 2367 295
1346 1915 1839 740 2257 2327 1086 517
1346 1915 1839 740 336 1838 1464 56
1839 302 245 547 2257 1086 732 1830
2630 817 302 472 2718 790 1515 145
1346 1915 1839 740 968 1200 1871 210
2718 2630 2612 1286 2205 526 2490 302 472


1973 302 499 1895 2179 1300
1839 2362 1158 678 2593 1343
302 627 1895 797 33 1839 2495 1727
1895 859 1895 2069 1895 1480 1895 2701 1895 1251
2426 1876 152 1596 944 2279 968 2324
1553 516 1440 2548 1714 341 1286
2571 2327 152 1518 348 2106 408
1839 1985 1081 444 2106 2487 630 1720
1081 1123 1828 877 763 2000 2563 1838 923
1985 2350 2718 1286 677 2458 2518 1163
968 1720 1838 537 2106 540 1918 1838 627


1828 2276 815 1447 1494 756 2581
1895 2084 322 896 1644 1885 1838 816
1233 910 1098 1895 1086 740 273 921
1446 2548 1209 1838 2274 2063
1499 1770 74 1349 1986 1170
1839 802 575 2082 152 815 960
1839 1506 1699 1426 1895 433 1046
1286 2487 294 1895 245 222 1071 1300
1086 273 1277 1192 1839 1019 1838 2148 2074
200 1317 1895 2461 598 791 302 245 1299 1343
1839 266 302 245 2049 1683 1481 728
1973 134 10 1839 1653 1895 673 348 1830


2161 302 2186 2263 1731 2109 103
2718 74 1828 450 1838 1309 1086 740 360
2161 2022 1838 1571 2534 1286 1838 979
2263 2109 925 1086 273 1511 1481 2519 2681
641 2590 2342 2106 910 2090 2373 218
88 1429 2593 621 2593 266 2276 2426 750
1553 2548 1973 1231 2426 1599 1481 1346 2522
2571 2263 253 273 302 478 1192 1884
1475 1828 1229 1839 272 1895 1046
1494 1605 1838 2524 2470 2724
2106 1987 738 1985 911 531 1007
2172 2141 2730 1895 273 595 694
2668 1300 1839 1573 1122 2279 2019 2217 33


162 2205 343 2263 2426 1824 839 1895 164
1018 938 1847 1086 58 1838 1626
2548 1977 1283 2426 995 1086 1355 1917
2548 995 1086 2581 2718 302 1481 2396 2544 1030
2263 2257 1086 2364 1895 273 519 2426 968 2639
2090 2461 2263 2051 2426 2496 1955
1035 1838 622 1828 2487 622 907
2571 2263 1086 1355 1819 2260 1985 1086 2609
2205 2392 1018 302 1086 1385 97
2327 1165 2263 242 2327 1319 1895 158
1838 524 1985 641 2327 1481 1617 1895 1153
1985 641 245 1908 397 2426 675
299 266 1086 1419 302 2217 266 765 1086 2327


584 386 740 2426 968 2222 1439 1839 595
1839 525 1086 1355 2375 1838 1407
260 2276 815 474 2271 1197 2534 2257 222 2519
222 740 2217 2257 2263 2426 968 444 1644 1310
1670 1839 1411 2106 1530 2327 755
1839 171 288 941 1309 1086 2064 1895 273
1286 2327 2257 1096 968 2534 1057 968 1429 480
2276 1931 2426 2205 1456 1929 1006
1644 2565 2413 1838 340 201 92 767
1082 302 273 1838 401 2426 1586 459
1716 2258 2148 2214 1761 1086 1375 753
1553 1838 1481 1836 1839 222 222 512 2396


162 1985 1086 19 330 1714 2487 1590 536
2050 252 1895 1086 1710 2582
2263 120 1828 2704 1985 1086 1934 498
2689 1891 1362 2718 1891 1689 481
779 431 2217 2263 1086 2522 179 897
1839 1678 779 1086 1385 2257 1462
2108 2148 1716 1839 786 2426 1857 2192
1078 2090 2021 85 2426 1929 377
1429 2034 2263 2426 1929 2240 2321
1494 1952 648 1838 1476 2513
2108 2148 1716 2519 767 1839 2426 764 1695
1553 2263 2000 2108 2257 763 1838 2677 2148


2718 1289 634 709 1341 1086 1251
1985 2534 2303 2426 556 1989 2148 2688 1511 2698
1714 348 1086 2327 2597 1839 2426 304 875
1838 1746 1086 2124 1839 1518 995 2000 1574
2464 229 1838 2148 1494 2426 1838 2464 287
2655 250 2487 1086 2038 2426 330 1577
1714 348 2571 1405 302 1086 1478 694


200 2426 2077 1714 2276 2701 2257 302 1086 706
1839 2263 2718 1524 2148 1838 1410 303
2544 2268 531 1072 1839 2257 1860 1193
1985 2217 1429 1122 1448 1838 880
1895 45 1895 981 1511 86 2718 2217 2544 1850
1895 531 1387 1331 74 1190 1429 2268
1494 531 815 2537 1619 2534 2217 2544 2227
71 1511 1402 1195 1511 2636
1728 1511 2011 2217 1160 708 1838 2000 567
1150 1895 1456 2467 2487 1714


1511 1463 2544 1086 706 521 1997 2487 1714
377 2652 267 1351 245 2450
1839 2263 2000 273 739 2217 245 2266
1838 26 1895 535 1839 1885 335
1988 1853 2332 2026 2064
2548 196 2548 1331 1838 531 1194 1737
162 386 2141 386 2450 302 1086 2188
1839 1086 1177 706 222 1291 1102 2217 2652
1839 1838 531 2212 2544 1323 1906
519 2217 1789 1562 386 1634 1741
2263 2276 2701 95 2217 1839 2544 1231 2275


731 1781 2263 2426 2500 968 2594 330 1030
1553 731 2263 1358 2426 1879 1828 273 1714 477
910 1716 1086 579 1093 1429 761 2370
1086 222 333 58 757 1089 1031 1202
584 2370 443 1895 972 307
1283 2426 1828 1716 343 1286 2426 273 1714 2064
735 1500 90 1895 1224
273 2257 872 1716 1283 2426 1828 343 2571
1838 2258 333 2337 1838 2263 2718 1690 2544 1796


1910 2148 1828 1838 935 1895 740 1011
1436 1322 273 2257 1828 273
2718 1423 1973 2217 1874 396
1511 1804 2487 1126 1838 1169
162 1429 2217 2257 201 2002 2655
1161 2451 1692 2446 531 1578 1789 1587
478 1828 972 1671 1018 301 193 1839 320
273 1423 1828 2487 531 2219 2120 1839 1332
2106 785 2217 2367 1553 1838 230 1895 2063
519 245 1789 2097 1839 1341 2148 941
2426 2205 2594 1494 1429 2314 76 1909


700 2426 757 2000 1177 2062 1969
422 1341 2000 1348 273 1838 675
2263 2426 968 471 2596 2487 1692 1011
1839 2480 1838 1300 2000 815 2323 1854
2263 2426 968 165 945 1838 2327 2357
2718 757 1061 2148 1526 995 2000 2660
1839 1644 1035 2413 1995 1517
1819 2148 2249 1521 1895 2000 2164
200 1086 2551 118 2426 120 875 1838 929
407 1839 2699 1895 2000 273


2090 2548 1838 26 1555 1931 1456 277
2487 586 1782 2350 1555 2212 1712
2548 1838 1227 1555 2515 702
2350 1726 1838 426 922 1973 2350 1183
1553 2571 521 333 1895 2000 1529 409
1838 2240 2191 120 2426 1560 1086 1833
1838 1789 637 1438 2263 595 1824 740 1994
1535 2263 1857 1828 1542 1838 1913 656
1839 458 1838 1226 106 2509
2718 1128 1895 2168 2279 1530 2698 1789 133
2106 779 2426 1897 1839 1683 729 740
269 2294 2461 2263 2571 331 812 1895 1714


2534 289 968 2426 990 1895 148 560
317 1447 1838 1983 1839 1983 1838 1447
1690 2627 1973 2426 1628 1086 1355 1838 680
2534 1388 1635 74 1086 164 2527
1078 2217 74 2580 2217 1355 2571 1601 2205
250 968 2276 1720 2367 1895 152 161 2596 2562
302 807 1895 245 2512 376
162 1058 1895 2698 1286 2426 1683 740
2263 2704 2257 1530 1457 1690 525 2704
1839 1260 273 1973 2217 2257 2369 190
244 670 2689 558 1231 1456 2414 1070 2348
2571 2426 2496 1288 1838 1086 142
1839 956 1530 926 883 1456 2689 2426 968 1830


2263 1714 1857 66 143 1280 2148 1286
1839 1985 2263 2037 2718 2426 1716 120 1842
494 304 2426 1821 1086 1223 2207
2462 1086 1189 1857 673 1511 906 1900
1839 2426 1316 968 1429 1600 1587
1838 1916 250 66 2426 1479 302 2000 290
162 2263 1555 2636 1895 1576 1283 968 353
1086 2336 2345 250 946 740 2037 1327
1839 1121 1838 1714 2548 1714 1838 2148 1716 1549
2106 2263 2000 1087 1286 1680 2078
2276 2075 940 1839 940 304 1040 2148


386 2704 1838 1789 49 2689 49 1330
1973 1828 1838 1789 179 225 1895 521
1839 2476 2435 893 2718 2257 2571 1654
1828 1530 1555 2574 2106 1530 1321 2188
1985 2370 757 1321 839 2411 1720
2718 302 152 775 41 2332 2534 2426 2321 1153
1429 2426 1586 2263 2426 1586 1839 1081 2263 2579
558 1086 2270 1623 2652 152 815
2426 2109 1789 2732 1018 1081 841 1789 2081
1530 152 1128 474 1086 2582 304 1828 1789 1275
2462 245 1764 1457 1081 774
2327 1022 348 2332 1839 302 152 1409 195


1481 1139 1481 1730 348 2249 1086 1736
2718 1057 755 2263 1171 1128 1427
2379 2327 2331 1553 1838 1567
1511 558 1792 2571 917 2548 1736 1839 164
968 1868 1530 1385 1838 1109
2612 2600 1838 1206 2731 2635 531 2268
1895 1309 1481 2572 2205 1233 1789 1950
2263 1299 1339 1879 1828 2571 607 561
1494 2356 2426 1398 1481 2519 273 1838 503
751 1838 2258 708 995 2148 1824 2426 2633
1838 829 731 1730 2263 1894 1309 1456
1838 434 201 577 1838 1801 1309


1429 1300 266 2049 1828 1474 2263 2426 330 547
1481 2237 2369 2652 2487 2565 1283
1838 2148 348 641 1608 641 629
1081 348 2106 2017 1895 1062 2660
1555 510 348 2219 1839 751 2350 2404
2534 266 1365 1883 1341 2641 2263 2257 2593
1839 602 26 708 2001 1838 1555 2507
2689 2321 2263 2350 2500 968 18 708 958
1481 81 1839 1309 2426 596 1472
1985 1481 1373 1839 2534 2350 1876 2544 1030
525 1456 1511 1127 1530 1481 1723 2098
245 2426 330 1391 1839 245 1057 76 1789
2426 1929 1789 740 2171 1481 1858 1839 1309


519 1086 2519 273 1857 2106 1049 1895 2509
2548 557 1838 972 273 1511 1838 972 1651
275 1255 275 1511 986 2487 986 2568
2217 871 1828 302 1679 1527 1494 2441
2217 1447 1828 587 2263 1084
2718 491 1644 803 1895 1418 2120
2106 2327 210 993 2479 1660
2263 2217 1494 244 2487 2468 1494 1142 2487 879
1838 245 2426 1020 675 1733 1895 1300
2718 1739 1985 2168 556 968 1871 1985 290


1511 1682 1177 1450 1985 1567
2718 789 1456 1455 2689 2235 1511 2119
1120 2327 1839 1456 1530 2380 495 607 1978
1429 1910 2148 1789 671 302 1481 164
2718 2257 1828 156 2487 689 1759 1429 765
2106 2690 2206 249 2148 1985 1309
1973 222 1932 993 698 302 1481 921


162 266 1086 2495 2342 556 302 1481 1528
1365 561 972 283 1572 531 283 782
519 1385 1588 563 2154 997
2132 2013 1309 1838 245 1478 2263 1349 877
2109 1300 1132 1839 1388 1029 1225
910 2419 1349 162 266 937 1895 1349 2435
2132 2109 2647 2106 1828 1690 434 1349 1237
1349 1376 1018 447 1501 304 1789


302 1002 1046 1152 1824 1828 1968 1346
1839 2362 43 2487 169 403
1985 200 2600 859 74 2427 1644 2631 1528
2590 2362 74 1429 2522 1429 1359 2349
751 1086 563 1720 348 1393 1152
1349 1720 2571 1659 1839 1081 718 1896
558 516 556 1828 2001 1346 1429 2362 540
2685 1775 2487 1390 2107
910 2571 1081 1144 34 1895 152 1576
2263 1853 1574 118 2362 757 2553 2571


1341 2263 1601 1315 1161 175 2366
1639 465 2263 2276 1157 605
330 2426 469 731 2640 2263 2007 2433
1838 2651 1996 1595 1895 1481 859
1078 1086 1299 193 2718 757 2263 2035 1945
558 1502 2745 1530 1309 1766 2632
1838 1789 2571 248 1081 2279 547 152 2509
1839 1865 2487 731 617 744
1158 33 1315 1456 1021 2689 204 193
200 962 2640 2571 2178 348 302 245
2258 708 1481 2492 2148 1481 193 1838 2651


2257 661 302 2096 1839 2612 2096 661
1972 13 151 2455 1828 1838 829
2087 1429 2422 2106 508 2732
413 761 980 1839 1429 2422 1123
413 761 851 2548 1036 861
1644 1478 1682 1838 26 1264 721
721 302 2233 1839 302 22 2571
1123 1232 1839 302 888 1838 968 13
231 302 2413 1839 941 1230 1576
2500 1930 912 2079 2491
2327 245 2597 2688 1759 910 2464 1759 2688
1838 426 544 2263 2134 1022 1838 245 1793


1086 563 1720 348 641 2090 618
482 2257 1070 1456 2702 2689 1349 193 2702
519 1114 1789 1495 2370 1716 1349 1257 348 2351
519 370 1789 108 1152 108 1796 1644 1349 608
2106 1429 516 2586 1876 2426 302 1349 320
1839 302 550 996 2257 595 1456 1800
2689 302 476 2263 995 1086 563 2225
2426 273 1838 2204 1349 1571 910 2688 2426 1746
2263 994 74 1198 1456 2338 6
2426 2057 2426 2205 1628 217 1410
1086 563 1973 2132 2589 2143 1644 638
1839 910 1530 1375 2426 2321 1086 273 2548 1039
2548 437 2132 2278 2487 839 1396


2548 731 1161 1356 1435 26 708 2455
266 765 2430 1839 222 4 2184
910 302 1153 207 550 343 2263 1309 677
1481 2198 74 1828 132 1838 26 273 1065
1838 343 1081 1887 2426 2428 1828 1789 2571 2633
2446 2426 1113 2217 1838 1086 1355 210
1839 1838 1789 1598 2263 2257 1828 839 2426 1113
2213 2306 2106 1702 1644 1481 2198
472 1644 1372 451 330 1020 874
302 641 765 266 1152 299 302 1481 2582
1839 779 245 1271 2548 2426 2321 1185


750 1720 2426 273 1839 1081 2548 2541 2148
457 1481 164 1898 2148 2487 1167
968 2427 1644 1152 1839 512 718 1789
2438 2487 1618 626 1341 1086 1784
1839 271 1828 14 1218 1895 1375
2704 1680 2058 320 1895 723
1494 2263 333 2083 2263 1566 302 1254
2544 1252 2263 488 1838 209 1852
2548 731 2697 2478 1720 2292 1481 2198
1838 1144 1985 2148 200 2478 2544 1309 644
1839 1814 1481 2108 2090 302 1853 2268
1716 1929 2426 1113 2362 665 2257 1152
1839 2327 1081 2104 2263 1481 2094 540


1985 2263 2223 1902 2217 1605 1086 767 1839 2148
2148 995 1086 1355 1481 2455 2701 74 1587
1839 1086 1761 1355 266 1816 258 2717
1895 2461 1086 1355 1839 1309 2426 1586 38
1961 883 1334 93 1838 1789 1441
2106 1716 1086 746 164 1910 1086 1299 164 2016
1839 910 266 1540 1985 2426 521 1669 302 1309
900 1586 750 1839 2327 2263 2257 302 2148


2571 1286 2426 968 2517 2263 1292 2257 750
1839 2426 1086 1355 1586 1335 1838 1481 1929
1086 1355 598 1209 2571 2263 1464 2276
266 1540 2121 1838 1789 1086 1843 1690
2106 266 1540 1828 1494 1292 1929 1828 1789 2700
1292 845 2106 1272 1838 1431 1985 2148
1821 2263 734 2263 2461 2548 2027 2544 2424
886 1895 1481 2362 266 1540 1939
1839 2646 1744 2719 1837 1985 1086 19
2571 2461 2426 1120 2025 1086 143 1347
2461 968 2426 893 266 258 596 2461 1839 2148
1292 2003 1802 1839 910 1586 2426 1828 2700


1244 74 1349 786 266 258 1481 1929
1839 1929 1838 2389 1839 1929 302 268
1456 2689 763 1586 2426 2263 2626 1309 1690
1838 1481 2590 1929 1158 2252 93
1540 266 1161 1929 2257 1490 1839 1919
1057 1929 302 1321 1896 1854 2436
1839 302 1086 1929 1429 1346 2153 1265
1402 2327 2260 910 179 160 1690
2571 266 521 428 302 1929 2679 1838 1481 1929
472 1929 1895 2276 1838 26 1481 1490 1929 1456
2321 2327 2106 472 1839 2148 302 2263 472 1929


519 1481 2581 1397 1309 2263 2426 816 2571 2135
1113 1838 1481 1193 2581 2263 2426 1824 1481 1929
1839 1929 1481 2581 1759 2257 811 595
1379 2616 2217 333 2487 775 1839 1086 1929 472
302 1885 1895 1177 2095 2487 1884 2350 929
1255 1832 472 2257 992 2464
1716 302 939 1910 2148 309 2211
1018 302 1481 1809 555 2426 472 304 1789
1985 641 561 2148 2571 2217 794 1309 561
2263 641 2148 2738 2590 1838 1309
26 2106 1086 2522 1481 273 1839 273 2263 1690


266 1193 1671 273 2534 1365 266 1838 2276 1720
2263 1081 677 1839 1876 1828 2534 1081 1876
1081 1746 2534 2362 2257 1876 2668 2217 1050
910 2534 753 2257 1939 2086 1838 1789
519 1720 1045 1530 725 1277
1789 977 302 378 2668 2327 1022 2344
2370 1895 1720 1675 258 266 2333 726
2370 757 1086 164 2321 2263 1140 528
2718 1086 164 1759 2084 342 572 2724
1511 2276 1720 2188 245 343 245 2257 1828
1838 2427 1346 1310 1341 2571 2104 308
302 1885 1854 740 1086 164 1839 1720 968 75
1839 1838 245 839 1351 348 1081 1286 1926


1973 1086 273 2353 2263 2132 2257 525 1895 1310
2426 330 2392 1349 1018 2426 1746 2132 1050
93 1173 1702 2263 2132 1525 2148 543
2446 2132 1759 1086 1163 348 413 753
1694 2426 1466 1349 1551 1574
1644 596 1075 93 2257 2234 1310 1999
162 478 2064 1907 2257 302 1059 829
1839 1046 302 273 95 1828 1838 968 633 958
751 2426 1030 2487 1349 1839 2132 2487 2148
1839 302 1555 1913 1530 1050 2350 658 1789


162 675 1828 2148 1838 265 1751
1902 2148 1828 2487 750 2701 2106 2487 1481 1574
406 1528 2487 1528 1839 329 2148 1828 1530 765
1910 2148 2454 1309 1646 1086 273 2688 1759
1349 1618 1277 968 2596 2276 1745
1839 751 995 1086 2198 2132 98 1086 445
2263 1081 1649 1283 824 152 2683
910 330 1828 2571 2106 200 2426 1586 2135 82
1225 2148 2281 2487 1277 1839 625 1086 1784


1789 1003 2548 266 765 2455 330 1828 1503
1086 2729 391 2487 495 607 1167
319 2037 2482 2148 56 1839 56 925
2423 1895 1086 368 1784
519 2426 1283 752 1309 576 2704 2217 1857
1018 1828 1838 273 910 273 1838 2313 2148 2571
2548 590 812 1022 1973 152 867 1789 2135
1429 2445 2106 1774 995 152 514 1746
1985 519 2426 757 2431 2426 757 1796 721
1839 302 1086 1772 1283 1571 2698 1895 1309
1286 245 623 322 2257 414 2571 2332
2263 2426 2109 1828 1789 2571 1494 266 2278
874 750 1720 2732 1018 1481 2622 164 1410 1908


302 207 2426 330 1828 273 1309 2487 2276 1720
1985 1081 302 1309 2213 1635 439
2106 386 1086 164 2263 95 2534 1081 727
556 302 2171 1895 2503 2257 2004 1838 29
1494 2552 2574 1838 2628 1967 371
1494 2742 1494 614 2507 1838 1789 1924
1838 437 2341 64 2487 1309 210
2106 1086 1665 2605 1494 1086 1665 873 1233
2330 472 2307 164 995 930 1309
556 2163 2511 1357 1895 1051
249 1086 1351 93 1070 2426 41 1086 956
2263 2132 2263 1987 2148 1741 2488 2148 1784


273 2257 1086 1741 1839 1481 2519 2699 1651
1651 1895 1086 1741 869 1644 784 512
162 2106 2487 2276 1396 266 750 815 2509
1511 519 2217 330 1828 995 731 193 1895 750
1839 1412 839 2709 1895 273 2548 1090 2548 2276
1964 1321 220 1564 1895 152 449
228 2108 302 1481 164 2263 1973 2217 244
1481 2108 2109 2665 1838 950 1789
519 266 1365 669 1838 968 2534 266 1365 2443


472 1895 1349 504 1324 215 895
963 2567 1349 2242 1839 1987 2327 2262 2739
302 2233 1895 115 2132 2279 968 2347
1078 1349 1106 2297 1619 1349 302 821
2067 1838 2227 1349 1161 1444 2303 2257 52
1838 2599 2263 2718 2397 2500 1349 2198
1078 2426 1481 2242 821 1309 833 2079
2106 519 266 2227 1481 94 2667 1168 1838 2148
1839 1430 2735 2268 2651 2148 1789 1915
519 266 2667 1168 1839 1086 1813 1063 1690


2697 95 2426 968 1895 1843 1839 2431
2718 2090 2697 672 330 2101 2148 1690
1806 511 2257 1051 1854 1346
1838 680 2148 1121 1838 1793 1086 998 1457
1839 2279 1045 1086 2526 1838 1789 847
612 531 3 2487 1349 2104 1892
1839 1463 2263 1086 511 1789 1698 843
373 2426 2109 910 1828 2664 2313
2106 521 596 995 2148 596 1838 2600 767
2426 2241 472 511 302 1372 1793
910 245 1057 2426 2246 1746 2106 791 302 432
2612 1086 2332 511 952 1086 1153 472 2367


731 193 2263 478 815 859 120 26
1399 1074 2725 2263 1358 2426 1651
1838 2148 2263 1489 1985 1349 19
2106 1973 2132 1628 1086 2398 2509
2732 302 1349 164 120 548 816
759 2263 1574 2263 76 2590
1824 211 302 2312 2418 2063
1839 739 2217 93 190 1838 54
2426 1651 2132 238 2487 201 480
2263 583 2217 2548 2418 2088
2544 2599 2636 556 2090 1432
995 1375 1838 1793 2257 2591 895
2426 1651 995 1651 895 2132 1210
1839 2282 1086 1934 87 1828 1714


1299 2581 2659 1895 1086 784 2740
1086 784 2740 2458 234 1875 454
2370 1365 266 1176 2249 1839 1186 358
127 1481 1573 1079 2571 936 2238
2370 2571 1490 1433 1232 2571 1455 392
1365 266 1341 1481 657 2149 259
2360 2652 1481 2199 2257 245 1481 1253 480
1839 1910 2263 1176 1838 1076 1481 1696
2139 2576 218 302 1026 2120 1895 1266
2249 1789 2469 20 1789 428 1429 1456
2571 1057 266 292 1644 1019 2263 2575 1644 1022
1839 1019 66 33 527 1429 1456 372 1716


1086 273 2257 2548 2301 418 1690
1833 1644 2263 2718 2544 375 639
1086 761 50 1838 1086 273
1248 2263 531 256 348 1828 526
74 2077 2148 1839 2426 2695 1286 1043
413 2677 2426 1586 1286 761 2257 413 2303
1839 2549 2487 749 1820
1086 474 1839 1086 1484 2548 721 363 348
558 831 995 1614 1173 2324
1985 2426 968 2680 1309 1346 1839 2580 1309 601
556 765 2548 1152 2548 1793 2548 2498 2548 2636


162 2148 2534 1720 74 273 2427 302 1086 608
2718 968 1429 2283 2487 740 2660
1511 519 1081 968 2668 2257 1086 579 696
2534 1362 2597 1838 343 2217 2257 1828 2571
519 2217 1789 1828 1716 273 2544 2688 539
478 2701 2257 1828 2571 740 2548 2327 363 1429
250 1233 2217 162 250 1233 478 2701 1789 740
2263 2257 2571 581 2487 1112 1839 2487 560
1429 1624 1716 1018 2426 964 1086 2503
618 2217 1355 1305 1828 2612 1375 1048
319 1720 2499 1481 2104 1913 757 1683


1973 2426 1545 1086 1355 2487 1309 2602
330 2426 1828 2321 1644 1309 1973 2426 422
1586 1895 1086 1355 2407 1985 1481 19
942 1341 1086 1355 2487 2518 2521
2534 2681 330 2426 302 1086 1355 141
2263 2257 2571 2622 1481 1668 1838 727
1973 2327 1086 2064 2544 393 1481 857
1650 1530 1181 1895 750 1720
2106 273 1651 1644 1985 1286 2426 1746 1481 706


162 995 2534 1528 258 266 245 2201 1283
1838 26 2148 2258 2399 1838 1086 740 2660
1839 1113 2263 830 2544 1828 644 1195
1960 258 266 245 34 1895 1885 2698
2263 302 571 1307 1895 1481 2582
2263 302 1086 706 1481 1704 2327 2064 2363
556 739 1309 250 1838 26 2148 273 1309 1456
144 2426 2204 1839 1876 1035 2501 1895 1651
162 1018 2426 273 2534 1321 330 1749
1456 805 2426 1838 1789 649 1895 1309


273 2257 495 543 1838 1746 2534 2531 2257
910 556 1759 1828 2531 2257 2001 1895 273
1716 2418 1014 1712 1828 1086 2355
319 870 1895 1086 1913 1481 2590 1355 929
1985 266 1602 2148 2426 330 697
1086 2684 2268 1838 1086 2484 1253 243
1086 2581 2544 2313 1086 2239 2263 1292 2109
1328 302 273 1009 1507 1429 1099 761
2106 615 558 1481 2522 2544 21 2367 1309
2548 531 2425 2741 2622 1895 245 1892
1292 2257 2421 1481 1299 136 1838 1789
1838 2632 302 1481 24 364 1530 1481 1771
1429 1054 1895 2531 561 2217 2263 2426 675
1349 273 1985 1161 2519 273 2426 2122 1839 364


2106 266 765 1846 96 1838 2148 273 1823
302 635 1481 2385 215 1839 2022 207 412
302 1933 2022 1651 2611 2022 273 2558
2106 2370 1895 2697 1569 2539 330 2426 1622 1309
1973 2426 1805 263 2426 1586 2395 222
1985 2327 1086 1701 348 1569 2106 1838 889 1309
1839 2327 1086 404 207 302 1309 2257 893
1985 2426 968 2680 2223 1569 1895 1481 2223 415
1569 1895 1481 273 1481 1310 1481 904
1839 1838 124 1309 1604 1720 1838 1083
1511 525 708 1113 1545 115 1081 1876
1985 2426 968 2680 1309 1346 1456 2395 2426
1838 1113 1545 1614 2571 2104 2546


2226 1682 1530 531 1935 1839 2457 2601
1839 531 1217 952 120 139 470
302 1756 1539 1895 2263 2259
2718 2018 995 245 1359 952 1895 273
1545 629 2515 346 2677
2106 558 1086 563 2701 478 1935 2406
8 1985 1747 494 2279 107 1086 2396
2106 1279 1429 2677 684 1985 1086 1138 1050
2668 2226 1707 2022 952 1086 563 1720


600 324 1532 66 2601
1682 1530 531 1771 531 1313 1935
1078 2068 1222 2263 237 2442 1934 1838 434
2719 2545 1530 2106 302 1349 173 859
2718 2068 1962 1895 740 609 1123 1296
1839 2571 194 1895 603 2507
1824 1374 1530 2165 859 219
2718 995 478 952 452 2468 1834
796 473 1839 599 2374
2719 595 1985 2677 1839 245 1530 2263 2426 929
478 952 1134 2260 2260 795 1828 273


