2489 3186 1042 3077 3383 1428 3159
2963 2966 427 1793 2921 1702 2467 3159
693 196 1573 1746 905 3355 1134 3159
3139 2728 357 2921 644 3139 1399 1590
693 2638 2481 885 1535 1457 1541 3438 3159
2965 1168 2600 2958 1336 568 2752 3159
2555 161 2815 255 3209 3159
1168 2043 1168 1944 3159 885 1168 1626 2043 554 182 1590
2638 2963 924 1845 1259 1961 1455 3159
2762 3427 3470 885 2830 2288 3159
2235 1535 1457 344 2901 1168 2793 3159
2762 2728 1067 2591 3151 1460 1578 1590
2794 1948 3159 624 2142 2103 206 3206 3159
885 1679 1259 2506 3159 905 2315 2762 2419 1937


628 1363 926 2999 3332 1168 509 3159
2762 3361 14 2104 1460 1168 427 1690 3159
1168 3349 1394 1973 1433 555 3364 1845 3159
2083 3206 2734 3443 2372 99 2270 2846 1590
416 2016 3308 3159 2815 958 1168 2072 3209 3159
2815 958 1954 2372 1168 1055 1639 1581
885 1915 2235 1535 1457 14 721 3438 3159
3242 803 1174 251 3159 2762 1073 266 1937
439 2727 2611 266 20 1168 427 1880 3159
1227 2638 3095 2439 569 2103 1092 2211 2372 2532
2999 1006 1677 2962 3159 2762 1419 1677 2158 952 569
535 3139 2072 905 3045 1535 1937
2103 3242 885 3206 2619 2930 628 2638 924 2158 3159
2762 1507 1168 3397 250 628 2638 3356 446 3479 1937


2136 1460 1168 921 2762 364 3228 2638 809 3159
1845 1613 2623 2963 2873 1746 1409 2946 3159
1740 1961 2566 1227 1845 2638 1308 2373 3159
2638 2720 3300 1948 3159 706 642 3166 1937
2862 2815 1613 2359 1433 1092 1740 3136 2223
384 3498 2372 1168 549 2118
624 1527 1613 2065 1433 3266 2083 3206 2683 3159
2372 3139 2077 885 1410 351 2118
2638 924 1168 1636 921 2762 2359 1460 2419
2831 538 2624 1992 2372 2833 2647 3159
1433 2638 2684 2635 2372 1535 1882 3131 1507 3159
211 2372 32 2103 1168 118 3355 1937
693 1227 2638 1081 2006 1308 885 3206 3159
2467 141 2762 1535 3210 1218 1336 2419 1937


2722 1810 2110 2720 2638 1023 3159
490 1168 2043 1168 427 1616 2118
601 2809 1096 1314 693 1732 3192 3159
2762 2016 1766 2359 2661 885 834 49 1752 1590
416 491 1303 2110 2720 2638 2460 3159
1998 1034 2685 2419 885 1554 2118
3038 1271 2110 2720 2638 1880
1433 2968 2881 2372 1907 944 580 1308 1081 2118
2862 57 2550 1336 1168 2043 2038 3159
2638 2372 1168 2043 1168 1626 2043 2720 1176 3159
416 439 628 1985 2831 2419 885 3206 2236 3159
1582 1891 836 580 2638 2356 2118
1168 2799 2072 1022 3206 3156 1336 2419 3159
239 293 2150 104 3091 885 3206 1937


834 1495 2963 1336 2744 301 2889 2492
2624 495 2815 2748 1052 1732 492
2083 34 2926 885 1392 1759 3159
2762 2963 501 239 327 1732 2418 1590
2862 2155 3355 2062 246 3364
885 236 3333 2762 208 1934 1611 3159
1459 1543 1336 2422 2762 1055 63 1811 2236 3159
2072 29 2762 2914 2748 2815 1590
416 3242 1308 482 325 877
1091 1029 2434 1460 835 2372 921 3159
427 2080 1336 2072 3242 1035 3159
2673 446 2673 2139 2306 1582 446 2547 1937
693 1080 3403 2541 1436 1336 3333 1707 3159
2018 693 574 2444 3159 574 2951 1762 2150 1626 1937


416 1478 1308 362 1332 8 705 3159
1460 2419 1168 246 2681 2638 3206 3403 1590
1419 1626 642 86 1581 1698 2638 642 1623 3159
1336 427 1698 2681 446 3206 700 1590
2963 1880 1613 1308 2806 2218 3159
239 2837 834 2963 88 372 2679 1581
3041 2862 1168 2043 885 1757 2946 2419 3159
624 1618 194 2242 3206 446 1618 2862 106 3159
1618 194 1168 2043 3242 2242 2116 2638 924 3159
1227 1618 2372 1535 1618 194 2818 2419 1590
416 1582 2024 2441 2709 1227 2638 3285 1040 3159
2630 2419 971 1460 351 2118
3206 1308 1045 2862 2638 924 2727 554 1092 3159
885 3206 2838 2397 2762 1419 2571 1535 357 1937


1519 1460 1378 628 1320 269
2032 1088 3139 2800 3022 3159 1555 990 1052
1732 390 885 3139 1229 2377 3159
1667 1336 2017 3139 2269 503 3159
2762 57 542 1327 991 711 3159
2 2613 1188 1460 3139 2469 1882 3159
944 3118 2017 1628 3139 2072 1762 3159
861 3364 3139 118 1692 1590
693 628 2489 759 3025 1336 2358 2919 3159
795 1610 1882 2065 270 2489 597 3159
18 1991 2513 1549 2208 1845 946 49
2489 3139 1823 1929 2762 2136 2946 3149 1590
1433 2638 3159 1168 2043 1470 1460 1168 1163 1590
414 3364 1681 1983 2638 43 109 1937


1755 885 234 3159 2110 3014 2638 1755 2471 2118
1452 1336 1452 468 1308 3159 3048 1924 1460 3048 1590
2110 1177 2638 2963 239 2638 1986 1308 717 3159
624 2142 1986 1336 2705 1535 1731 2118
1227 2144 1821 2372 910 3213 3159
905 708 2629 2709 260 1535 494 3159
1436 2709 693 3280 1391 2419 3159 1527 208
1460 1785 1925 2963 2638 3285 644 1590
3304 439 106 184 1626 993 885 2946 3159
527 1555 1460 1555 905 1144 2125 1581
2 1938 3159 2762 2211 3159 2762 1956 3166 3159
1527 958 1460 106 3159 106 1640 2228 2709 3062 1590
1740 1395 1655 2016 1863 3159 3026 106 3159
1808 2103 885 2419 3159 569 2638 141 3122 685 1670 569 1937


1613 446 2862 832 885 1787 2262 1052 3159
2963 2638 195 1168 2043 1460 141 1632 2118
1139 3159 1227 2638 2290 3131 1539 885 2467 3159
1948 2083 1219 2419 795 2004 940 3159
1948 2083 3206 1168 1584 2762 1762 1635 3159
2963 2638 2139 1409 2372 2419 3226 877 2618 3159
628 2748 2385 1584 516 2351 1673 3159
905 3301 3438 3159 2833 1412 3469 1460 1237 1590
2136 1582 803 2265 1460 1948 1732 1023
1318 693 3139 1623 3159 2862 1762 1948 47 446 1581
693 427 3151 2224 1460 1948 803 932 3159
2762 455 2799 1165 1433 547 446 1590
2139 1577 1159 2156 1460 2963 3035 1668
2963 3364 749 790 1215 251 167 1937


2862 251 2353 2963 2638 2941 1577 885 1305
1527 2862 1168 2043 924 1433 1709 1937
3250 1227 2638 3122 3159 2638 924 3490 2372 1863 3159
693 2963 2638 1670 1177 1613 1910 1182 1590
2862 2638 924 1433 2413 1336 1215 1272 3159
2963 1389 1168 2043 2638 3418 1308 885 1892 3159
577 2963 491 83 885 67
239 885 2566 1746 3206 1168 747 3383 1590
3286 2603 1168 15 3159 2963 1990 2351 2603 1677 1237 3159
2999 1272 3206 3261 2795 2116 2744 1577 2118
3206 196 1168 575 1613 431 2762 2294 3159
624 885 1168 2043 134 2051 1689 685 3159
1419 2419 2946 2043 2862 1577 2372 2711 3159
2963 2072 1762 2351 1081 1460 1535 624 2419 1937


196 2474 196 2638 3131 812 1433 2474 2638 2825 3159
1460 106 2372 1535 3159 2489 2963 239 2638 1550 3159
2762 2963 1961 3397 239 2466 2638 1832 3159
2638 3238 1295 1535 3159 628 2638 2489 1188 2995 3159
277 2150 3442 3159 2072 3159 2762 1428 3159
941 2103 720 3159 1882 3159 2762 3479 2586 3159
1227 958 3242 2350 1433 3159 1155 1746 3085 3159
2762 3155 746 335 1419 1948 2180 1590
1478 834 3028 1985 2224 1308 2930 2862 3423 3159
279 3159 296 3159 2762 2944 3159 3016 3187 1590
2136 3028 2359 2429 2567 3159 2359 2690 2419 2611 1581
239 1441 1230 2638 3285 1460 1345 3193 1590
2359 1788 2419 2862 2833 1127 3159 2762 3347 2966 3159
2638 3285 1853 2611 3159 1308 1478 2963 1207 2467 1937


628 1990 2709 2962 72 2963 2570 2623 3159
2762 1507 960 278 2089 1460 236 3448 3159
628 1990 1580 3363 2811 2647 3159
2762 1515 202 958 613 3407 1336 1291 1590
628 2981 2702 1990 1507 3467 2372 63 3159
239 1064 2489 1357 2889 1997 845
2762 482 164 958 989 1088 1460 3270
166 3364 2436 1336 1291 2762 643 3141 1590
416 2372 1168 2072 2709 1990 1471 1419
2963 2638 2053 1213 2372 3355 1022 1488 3159
381 1452 2762 2266 2709 2404 1292 3159
2762 2467 196 2474 196 1436 1507 2156 707 3159
2762 1314 1389 346 2937 3032 1419 2835
3316 1757 885 214 1934 3159 628 2065 1633 2419 2636 1937


3286 2963 847 3242 2592 2043 3159 693 1577 847 49
2139 1875 2333 3159 2116 847 2592 2043 2522 1081 3159
1369 2103 1898 932 847 1746 443 3159
2762 2592 1626 1876 885 642 75 1554 1937
1433 1746 2963 2072 239 847 170 1460 3357
430 2139 193 3159 416 847 3242
2592 2043 868 2943 2592 3416 1134 3159
628 2592 1626 1365 2592 1626 1409 1746 644 1937
1527 1836 1433 1092 955 676 885 2586 3159
239 549 1460 2791 2921 2177 3159
1369 2134 1524 2372 362 278
2762 3467 2839 2372 2838 2498 3479 2118
3286 1670 693 1780 3159 2669 1677 1577 847 1979 3159
847 2229 913 3159 1478 2592 857 1915 1433 1937


1308 2489 496 2709 1990 1677 2662 507 3159
2762 944 2407 1990 1724 2346 3159
693 1308 885 364 2372 275 3159 624 3464 1009 3159
2372 423 3159 2372 376 3159 624 342 569 1512 3159
2673 3032 1990 1105 885 2942 772 364 1581
1546 885 1555 3139 3485 3159 309 2762 1552 3159
624 1915 1336 2182 1227 446 2999 1488 516
905 3283 1828 2963 1990 1460 2861 430 1937
693 2489 1535 3438 1677 3371 1990 1608 3159
2762 1084 1423 1460 1598 1990 1597 790 924
196 149 2762 2072 2999 2121 2276
1227 2489 1168 2043 3159 885 3423 2638 2540 1166 1590
624 2142 2372 2419 2103 1990 2298 3159
1168 932 1613 3183 2762 427 1921 2762 1294 1937


628 1990 2253 2748 1199 2963 2199
107 1460 305 693 541 1123 1937
2963 2103 918 1833 2176 922 693 1696
675 496 1460 1375 3437 3001 1937
628 1990 2151 2963 796 196 2664 1428 3159
1510 2762 1543 3392 905 2931 1846 1590
1894 1460 574 486 1459 3159 134 2172 3412 3159
2762 1963 574 214 1140 947 2372 1399 1937
416 2070 2372 2103 1729 2698 3159
2303 847 1910 2036 1460 1188 2219 1677 2377 3159
2815 1379 3355 2202 1336 2586
885 2603 2592 278 2372 1188 885 3318 3448 3159
2762 958 1460 468 1336 3355 2862 1577 2372 847 3159
196 2065 1633 2489 847 3159 1990 524 847 2619 1937


693 352 2709 1308 847 2972 3149
1419 468 490 2103 237 1020 3355 2118
2762 914 2592 2043 1460 2592 2586
1336 1741 2611 954 2116 1677 3467 2637 2118
1845 3389 847 3364 2275 2372 1956 1495 3159
2762 1863 2494 1728 944 289 3159
1336 859 3323 335 644 847 971 1080 3159
2727 3190 2116 2592 510 2342 1590
1433 1746 831 2372 1632 2963 1632 2566
239 2103 1991 346 3322 2208 624 1677 1896 1414
3309 1460 2198 2270 2673 2401 1092
3032 1419 847 1081 2592 2043 1460 3438 2372 796 1937
885 1554 2180 2592 2043 3159 145 2592 2043 1762 3159
2762 847 1022 1081 715 905 2592 1457 1626 1472 1937


1527 2083 1511 1677 1800 1460 3355 885 534
1227 446 3242 1583 1336 2592 1910 388 3404 2118
2541 944 2861 1920 446 1613 693 196 726
239 187 2592 1632 3159 2762 1696 1308 1453 2592 2361 1590
1227 1990 2024 2933 2982 2372 2592 3438 3159
2762 1460 1961 3013 155 958 2592 144 3159
3051 885 534 335 1915 2103 2456 3209 3159
790 991 1466 3191 595 422 3207 1937
1433 1746 1677 307 1991 2580 1336 574 1882 2208
3206 2564 3159 795 2158 796 2372 1917 149 2116 1778 3159
2762 2592 723 396 3206 1443 2559 2839 3159
2762 1016 2674 2372 803 1183 1655 1937
693 3242 642 2211 2372 2333 1437 2963 3355 3159
847 1746 1081 1604 1460 446 3159 2762 1460 1677 2637 1937


2999 1990 583 2419 885 985 278 2118
2638 924 2611 636 2762 2611 2210 1590
256 1781 2709 1262 474 896 2372 2351 3159
2762 482 3357 2224 958 554 1094 218 1590
1461 554 2365 2343 2372 2861 1923 3159
2762 1425 1613 3139 1102 519 1704 3159
2762 2748 1092 2489 1092 1461 2387 3159
905 1660 3159 624 601 497 1843 1343 1590
693 1168 2498 246 2999 1308 1222 3159
2673 1434 1605 2372 2963 1092 2638 92 3159
2673 2999 2441 108 2638 969 1460 3139 2248 3159
628 1460 2498 945 885 3355 2638 2825 3159
1433 216 196 796 3032 2013 624 3438 3032 1507 3159
1433 216 2150 2103 3159 2762 2103 1096 1632 885 2419 1937


1850 3355 826 2638 1772 1463 3159
2762 1419 1049 3373 2833 1457 1626 903 3159
507 240 60 2489 1250 2479 671 3159
2762 2193 2135 2695 3159 1460 2833 3397 3159
1419 1837 2762 2945 342 196 2638 858 3159
2762 2709 219 2638 3122 319 3355
885 797 1602 2762 958 2833 2733 1452 1590
693 1990 585 2419 106 1910 410 1803 3159
3286 999 1308 1336 1168 1495 1677 44 1092 509 3159
2673 3019 2139 945 1611 1336 1535 1183 1414 3159
1934 1460 1168 1843 1072 2709 2463 3159
2862 427 1561 885 133 796 1937
944 2709 1168 1065 2158 3355 1590 211 1168 1263 3159
1677 1577 2999 1460 1677 1800 1789 1081 1908 1937


1506 2873 1336 601 1457 8 510 3159
3226 2638 664 7 2372 1677 3150 3159
1506 2744 967 693 1308 3461
1336 1817 2603 196 1613 1110 1278 1309 3159
803 1052 2611 1541 2116 1197 3159 1917 1110 1460 2706 1590
1304 1607 3345 446 1682 3159
499 1460 162 958 668 1460 3139 3049 3159
239 3251 3446 3438 2762 1278 406 3459 1937
2762 2862 2967 562 2638 1047 2578 3159
2657 1985 196 2359 2040 2419 2730 1716 3159
2762 905 761 2711 2372 2419 1536 3159
905 2212 106 1199 885 1677 354 1314 1937
693 381 2359 2112 2419 947 2862 1278 2705 3159
2532 3206 1168 1577 2762 1168 44 1880 574 1698 1937


1433 1613 446 1308 1336 2711 196 1336 2963 3 3159
1650 905 533 2072 885 3139 1800 3159
1527 2861 446 2043 2862 1455 1732 1880 3159
2762 2748 1092 1336 3139 1092 1732 31 3159
2555 3370 2372 1394 583
1336 975 2762 2277 3159 1336 950 2762 3071 2036 1589 1590
1336 295 1900 1080 2762 958 884 1516 3159
2963 3010 2764 1460 2103 918 3130 2996 1937
3286 1478 2711 723 1460 1577 693 1181 2933 3159
2762 416 1511 2711 3159 1677 1577 1613 196 1092 3159
196 1305 1636 2211 3159 2541 1308 1433 1541
196 834 1102 2527 1858 1460 3010 2764 1590
1478 1598 1915 2611 2963 795 2372 1364 516 3159
1990 2083 1308 266 2963 354 1308 885 1450 1937


1677 921 2999 1308 1513 2711 1990 1260 2158 3159
1433 216 196 1188 2762 2638 49 2372 106 1294 3159
693 628 1460 2419 346 3354 1990 1580 3159
416 2136 1990 2441 1677 1639 1746 798 1937
2862 958 2963 2072 2963 1732 271 2419 3159
1613 693 291 2832 2372 1677 967 3159
239 1460 1168 1658 1732 1081 3159 196 1535 1460 2711 3159
439 3032 1990 416 3206 3201 2116 2638 924 2118
3286 3367 1577 3206 2372 459 1433 3444 3159
196 1990 1308 2862 1677 2043 3159 693 2862 2419 2083 3159
3127 1168 967 239 1990 2083 1673 1433 2367
196 2728 2712 2833 994 2489 2989 3020 1937
245 1308 3364 1168 967 628 2532 1613 846 3159
2638 1909 2711 1535 1308 885 1554 538 868 1937


196 803 322 299 3364 886 3159
1527 1336 3139 832 1613 448 221 3139 2448 3159
624 642 287 1199 2852 1336 554 2727 2839 3159
1740 2405 255 917 3139 1457 967 1581
1433 1990 2862 832 2372 359 3159 3306 885 1915 3159
2455 609 2372 44 1485 3159
2762 1460 2532 1457 44 3419 2237 885 2586 3159
2322 1336 3033 2372 2532 1457 44 2921 1590
3286 1478 1677 2017 3206 416 347 3159
2762 655 515 2372 1677 621 1658 3159
1527 1337 2862 1577 3159 2762 2136 2862 1247 3159
2611 2116 2963 1778 2963 2611 2224 2611 3320 1937
3286 3239 885 1597 1582 3202 1577 2224 1415 3159
885 234 1336 3438 453 885 44 1396 1720 1937


2532 1052 2224 3471 1942 2762 2224 2344 3159
1168 427 1409 1460 3171 2372 1677 967 3159
1677 1727 1613 1822 1156 2539 2846 3159
2762 2231 446 1613 2429 1384 924 1937
2862 2684 1942 1022 847 1507 3139 1472 3159
885 430 2815 2592 723 3210 1438 3209 3159
239 1460 1677 2731 2721 1613 3078 1762 3159
2963 2224 3139 2635 2801 1336 1535 3438 1590
1845 1507 1582 275 718 3438 2862 3438 1724 465 3159
2532 3438 1724 715 1168 3469 3159 2762 1535 2862 2711
49 2635 885 1677 1658 3159 2087 3075
1924 885 2777 3159 885 495 3377 3364 2419 1581
944 3438 2103 1175 829 885 1376 574 924 3159
1436 3019 693 1582 1436 1507 3159 1979 1308 833 1937


1478 834 1527 49 1460 579 1336 574 1423 3159
2372 3426 2791 2762 1394 2816 2447 3159
2725 1990 3028 1105 2372 790 6 2749
414 2862 3048 1460 2963 1990 2791 1910 1581
2968 2182 569 750 574 1092 63 2393 3159
693 196 1674 134 1706 1052 3159
2762 1460 2404 574 564 3209 3112 3159
2862 134 930 1436 1460 574 689 2467 1937
2396 3298 1285 2862 1576 3159
2943 3023 2059 2454 2272 3159
1613 2489 2015 2372 2791 3413 1811 3159
2762 958 230 2560 2862 239 2065 3081 1590
416 1956 1990 2963 1577 2762 1260 3490
2815 1990 2351 1308 1169 2673 3206 1725 1937


1812 2372 1677 1577 3159 885 3028 1460 2929
1168 1190 2224 1677 658 341 2993 1581
885 2419 1990 757 2103 2318 3124
885 1606 658 3159 1308 885 2444 1677 1720 1937
658 1433 2968 3159 239 1720 1433 3189 196 2532
2351 1419 2237 2146 3159 1460 2252 1125 885 2444 446 1581
693 2963 1990 1643 642 275 2517 2372 1535
1460 1168 2381 15 1991 958 1255 2208 2083 3247 446 1590
2657 2047 2950 2963 3197 1677 1662 3159
3279 3364 2711 2766 1336 1092 2782 3159
2762 2743 3004 3364 1677 606 1097 3159
885 2444 2711 2723 2372 1168 1626 3254 3159
416 2351 1990 1160 885 2447 439 1990 2709 1577 2419 3159
2657 416 3159 1308 2444 1677 3022 2815 2638 3238 685 2711 1937


2358 1336 3484 3159 1990 827 2711 885 1677 514 3159
2186 1529 2862 1335 1336 1085 916 3159
693 416 2075 1359 1460 1677 3022
885 301 1677 1237 3159 628 449 3106 1353 1937
2862 416 1677 1627 1991 2489 3018 2815 1990 843 2208
365 2082 1692 885 2419 3159
2762 1673 1677 782 2088 2005 413 3159
3278 3364 2034 239 1200 2709 1507 1937
3316 2963 1677 2381 1994 2377
2109 1168 1117 885 1677 656 1951 3159
239 795 781 1991 3060 1460 1849 3448 2208
74 3321 3448 491 3159 2762 2833 2158 2873 2619 1937
1519 780 905 278 1677 1335 3159 905 3448 1677 1237 3159
2862 2419 3159 2762 2862 1677 2043 3159 2139 1342 430 1937


439 3032 1990 416 112 1460 1956 1999
2963 1260 2957 1351 2372 2458 2118
628 3034 3451 1613 1308 3043 905 3448 3159
693 278 905 3448 2762 3448 905 278 784 1937
2762 1555 1991 2541 1699 885 1988 622 2208
2709 1460 2305 1262 3115 885 262 2711 3159
493 905 3484 3159 1397 885 3134
439 3018 1990 3484 3159 1762 197 2819 2489 2419 1937
1990 364 597 885 1534 1934 2638 924 1541 3159
2762 2720 1934 1376 628 2023 2709 1018 105 1590
1433 1852 1990 334 3448 3159
628 1705 1423 648 1308 2638 3499 2853 1937
693 278 1732 3029 3019 1677 2844 1875 3159
2762 3448 1732 53 1419 2998 73 2237 2699


628 1460 1941 1336 1105 2762 3446 3438 3159
1990 958 2038 633 1677 753 1140 3159
2762 2403 1171 2861 1336 1677 1114 3017 3159
2762 2136 490 1677 2043 2762 1350 1677 1026 3159
2691 2711 795 885 106 2611 2036 1460 1643 3159
267 795 1934 3159 795 1934 1336 683 2413 3159
3374 2103 1103 924 3159 2762 2963 1103 2767 3159
1336 1582 1990 1910 508 3447 2051 3159
944 1460 2874 1627 1677 2043 2260 1841 3159
2027 1990 2421 3364 2419 3159 2762 416 1677 1140 3159
1991 795 885 1695 134 589 2372 278 1326
2489 1261 950 2208 1808 573 134 3010 1132 3159
2862 1168 1626 1577 2006 790 2440 1813 3159
2963 416 1990 1703 885 2603 1677 1140 1336 964 1937


628 885 1784 2372 1626 3202 15 3159
1990 153 1088 2306 2372 884 2811 3159
1990 2932 3324 2372 1863 1737 1990 3215 3159
2762 1336 2158 3362 2619 1219 1677 2669 346 3151 1590
416 3032 1990 2857 803 1052 1991 2799 885 581 2208
2862 1747 683 220 1460 2838 2573 3448 3159
2762 1635 2940 44 216 381 3452 1974 3159
2762 3114 104 442 2372 1863 864 2377 1937
416 3032 1990 1645 134 578 1319 3159
2762 191 2489 1974 885 1974 364 3407
2296 179 2372 93 3114 3159
239 1990 2619 88 196 1227 1308 1799 2219 1937
693 1227 1993 1990 2421 3364 2419 1991 2669 1005 2208
958 1564 49 767 3159 2762 2844 932 1937


1168 3035 1613 2128 1336 958 2084 3159
239 1990 905 35 1724 2200 698 3159
2762 1611 2310 1577 2762 958 44 1097 2361 3159
2762 958 834 683 239 1990 15 3112 1937
439 1863 124 2762 1089 2220
2224 2669 3365 1577 2587 2489 2532 1052 3159
196 2848 2372 731 3159 239 1845 395 3159
693 884 1725 2963 1939 1460 2419 3454 1937
2638 924 2315 2815 3112 1577 1732 1081 3159
3060 1336 2739 2372 1677 257 2236 3159
1527 958 574 2361 2372 2711 885 2419 2889 1554 3159
2963 2506 2372 1863 3159 1845 1613 1535 2038 1937
574 261 1990 2168 3159 1990 1951 1460 2419 3159
2762 2638 1991 958 1436 2208 3226 958 171 2372 2711 1937


1227 2638 1388 1677 1881 278 3159
628 2963 1067 2441 1677 2430 1336 385 2999 271
2762 3131 905 1105 2454 2611 860
2874 3189 2944 945 2372 1168 2152 818 1590
583 1598 1336 869 2372 2623 3159
2762 2541 1436 3206 2707 905 2748 1414 3159
2076 1598 2862 1677 1577 3159 1308 2862 574 2637 3159
3024 905 1791 2372 2242 796 1937
3286 416 925 2711 693 2103 1097 15 3159
569 2229 1677 3170 3 1601 1336 2103 2858 1882 3159
3302 2190 2116 2103 3139 1577 2229 838
885 1231 1460 2185 2372 2735 2406 1590
693 381 2065 2175 2762 1804 2735 685 3159
1197 2862 574 3369 3044 1597 3159 3139 2862 3139 1577 569 1937


907 1863 353 2543 1724 1990 1864 3159
1852 1283 1477 1336 2464 1052 3159
1862 1336 118 2873 2860 164 1581
1304 3107 2604 1336 991 2425 1590
653 2301 670 2023 885 3084 3159
1336 799 1537 3364 3139 2747 2873 3159
2762 2489 3082 1602 3139 1652 1479
394 645 885 1149 1336 2103 1941 1590
3392 1433 1677 975 106 424 634 2889 2952 3159
1336 958 815 2037 3364 1677 509 3159
693 947 61 3159 2065 2547 693 106 1612 2532 3159
152 1508 2224 3425 1934 2489 2711 1845 1937
944 1934 2862 2103 3159 1677 1577 2139 3384 3039 3159
3007 2372 1948 2351 185 3159 628 3010 975 3109 1937


2110 2490 2638 288 790 776 278 3159
2762 1419 2711 1085 665 941 1677 997 3159
885 1478 565 2023 1625 2711 1460 1677 3149 3159
2614 1168 2279 1460 574 3385 3433 2118
2539 1308 2658 2963 2684 3092 2638 589 3159
885 1099 1439 3364 1677 159 2873 3159
2862 2139 1585 516 2372 790 2386 3032 570 3159
2963 544 1095 3159 2762 2924 1308 3168 1590
2673 3032 1168 251 1554 3120 885 1677 1637 3159
2541 2638 1911 3159 944 1990 1724 1762 2584 3159
104 2900 2724 2661 693 1235 1268
885 1934 2963 148 3234 1970 102 1937
1139 693 834 853 49 2538 239 1168 1577 637 3159
2762 1436 49 2036 3159 2762 3500 958 3020 2369 1937


2139 2611 3206 2259 134 2963 239 2638 3226 465 3159
1212 1724 1313 3159 2762 480 1162 556 3159
2023 2762 3259 185 323 2277 2762 975 3159
2762 3445 1075 2150 1460 2899 344 1937
958 796 1419 3350 3159 2762 3392 1990 1460 2103 3159
1587 1168 3199 1336 583 3159
1677 2043 3157 3229 1168 1141 3159
3237 1168 2912 2611 2116 1168 2912 49 1590
2862 885 1168 1025 1588 1990 1011 1460 791 3159
1168 1447 3232 1613 1168 2622 3159
2762 1389 1677 2043 94 1489 740 1590
790 151 468 1613 1460 1677 1577 2762 1272 3159
2963 1990 803 1473 2505 1022 3206 3159
885 2963 1626 2414 239 866 2029 2489 2711 1937


1478 2711 2676 2963 3077 3331 1022 3206 2370 3159
752 50 2551 3472 49 106 1590
1433 2999 834 792 2963 2709 1336 2711 2415 3159
941 1168 2395 3159 905 2711 3206 166 2038 1937
1460 50 3331 3472 1611 1613 693 106 3254 3159
2541 1460 50 2150 1792 2985 3159
239 2541 446 3414 1308 44 3225 2080 3159
944 1732 446 1753 1626 1495 2489 44 1217 1937
1990 2351 1308 338 1672 2419 3159
3042 1677 2465 2849 1746 2709 2419 251 3159
2673 2638 1336 3426 998 2791 2711 3159
1983 2638 3396 2963 2791 2489 1168 3296 1590
693 2709 1308 1433 3159 1990 1577 2419 1460 790 2757 3159
196 2638 2016 2532 3159 2532 1613 1168 275 626 1937


196 1302 1912 1633 1217 3159
885 1507 3139 2890 2211 2709 2369 2372 1188 3159
1433 1990 3159 2930 1790 905 483 3390 2985
3396 958 1677 3096 2372 1168 2270 2762 149 1937
2862 163 2072 3159 2190 3159 624 2440 3159 624 1720 3159
624 1305 2372 2874 958 3159 624 958 3159 624 2611
404 1460 1168 2361 3159 2709 3036 679 3159
1990 1419 1677 1577 2328 885 2103 3423 1590
1433 416 1990 1260 1308 1790 3159 3189 3159 2673 321 3159
2725 2963 2103 1117 1732 790 2951 1554 3159
2963 1990 1460 1168 255 1260 719 3159
2762 905 3475 2372 958 1168 689 1081 1590
2136 1582 1613 2429 3159 2963 2429 1990 3323 1460 2419 3159
2103 3323 1990 1724 3159 416 1618 194 1956 2711 1937


439 3032 1677 3 829 870 885 2842
793 2638 2720 2013 2963 2680 298 1677 1800 3159
1535 1457 1626 66 3159 554 1126 3159
2862 2748 2686 3000 885 31 2118
3286 1554 1168 2043 2780 1227 1158 1460 2711 3159
2723 3080 3389 1369 1168 2377 3159
2862 3003 1433 655 2963 598 2933 885 2419 3159
628 2638 1168 2043 2720 1554 2925 269 2118
3206 2638 328 3 3159 1618 194 2611 1460 2270
2116 834 2158 1352 239 2987 2955 3159
2762 2065 2963 2831 3364 2419 3159 1478 1934 1011 665
2498 3013 885 2983 216 1294 1937
1227 1677 2649 3 2709 1534 2874 1773 1639 3159
1834 3206 2532 3159 693 1535 2999 3206 1782 1937


3286 439 1168 2270 1336 466 2351 1990 3062 3159
628 2638 924 958 687 2448 2372 2711 2118
1582 3032 2532 1457 266 885 2532 1457 2043 1011 1590
2762 1582 379 693 2532 1457 628 1990 266 2419 2118
3392 2862 2103 3159 1478 2991 1638 1081 3159
2762 50 2669 1577 1434 3296 2372 141 106 3159
2963 905 2103 3012 1990 2351 1554 1590
2963 2506 885 2419 239 2638 247 2038 1590
3286 703 1582 2388 2540 2638 685 3159
3242 446 1308 1168 682 1445 2690 1626 2356 3159
885 432 2623 1336 1627 2372 1577 3159
239 3355 2762 1627 1433 3280 1732 1176 1937
2762 2963 2638 3462 439 885 1419 106 2370 3159
905 2869 1934 2522 1527 1732 2636 2415 1937


3396 958 1677 3472 3159 1677 1577 3159 1733 3396 1598 958 3159
1582 3226 2638 416 2611 2116 2638 2775 2219 2118
2139 1577 3159 1677 1577 3159 2963 2638 3238 723 1577 1295 3159
958 2532 2547 1535 3159 2219 2638 2775 2103 2611 1590
416 1227 2862 1677 1577 3159 2638 1677 1577 2659 3159
1990 598 62 2419 3159 2862 1677 1577 2638 651 3159
693 944 3206 129 3159 1227 2638 1168 2043 116
905 2326 1691 2372 1582 1168 2043 2181 1937
1990 2709 2565 1168 1987 2744 2414
752 2638 1753 2419 958 1677 1232 1590
2762 944 1577 1920 446 1613 2221 1637
885 644 849 1263 3159 2116 1641 591 130 1937
1121 1376 3159 1460 3028 958 3020 516 1696 3159
2716 2711 1336 614 944 3077 1022 1308 3206 1458 1937


834 586 2347 2963 190 167 3159
628 1990 1260 1461 2278 2489 1168 967 3159
1168 2072 3159 2762 1168 1400 907 516 1483 3159
2862 1762 1798 660 2815 2638 924 1937
2744 2638 924 3159 2762 3367 885 3206 3180 3159
491 2638 924 3159 3367 885 3206 114 1937
2762 628 2967 314 3159 1582 1678 857 3159
2083 866 2356 2833 2657 2065 1724 3376 2118
181 2711 3159 693 944 2638 2130 1677 478 525 3159
2762 1391 1168 2072 3159 2762 1168 2493 1188 3159
1527 1413 2419 1460 574 2078 3392 1611
2815 2638 924 2020 885 589 2511 149 1590
1745 905 1168 2072 806 2833 885 2419 3159
1535 905 1168 2072 2016 1110 885 2711 1937


2963 2638 3226 2833 446 1613 1308 958 1677 1637 3159
2762 944 446 2351 3206 2209 1990 2168 2833 2675 3159
2963 2359 2224 2419 1613 2372 1677 2098 747 3159
512 1460 1577 2963 1466 2711 2611 1256 1937
1097 1774 780 1990 2083 952 1361 3159
2638 2720 1577 2833 3159 1899 2638 1001 1990 1577 2833 3159
2762 2862 1677 1717 3392 1433 1732 2359 2460 2711 3159
3163 1677 1005 2862 1677 1717 885 1153 2833 1937
1227 1990 1434 2419 3159 1677 2988 1613 1677 44 2948 3159
2762 2876 2833 3159 1677 1005 2224 1739 2963 2988 3159
323 430 1555 75 3159 2762 1990 1434 323 2370 3159
2762 323 2862 1677 1717 3295 3364 2711 2103 102 3159
693 3325 2420 3159 1677 1005 2762 1990 49 106 3159
1626 2360 3159 416 2359 3472 693 2711 2038 1937


628 1910 1990 3125 416 2709 2532 3438 2429 1507 3159
2862 958 597 1436 1951 884 1273 3159
693 628 1990 1984 3159 1460 1835 1436 2136 3364 2419 3159
2762 3047 1541 3159 49 1541 1460 824 1686 1937
416 2638 1740 1117 2903 1732 1419 1541
439 335 1168 730 1409 3159 1409 1956 2444 3159
885 1490 278 1336 1168 2727 2990 269 3159
628 885 3387 3438 1168 2248 1923 1433 1462
439 335 1991 1990 1915 2208 2532 3438 3206 954 2930 3159
905 3278 3364 2419 1460 1861 278 3159
628 1460 698 3448 1168 1092 242 2248 3159
2684 607 1984 3364 656 3438 1732 2698 1462
958 1639 49 158 885 1507 2657 1990 1507 2419 3159
2762 158 1541 1639 628 1835 2709 2444 2419 2711 1937


1227 3162 2951 2372 1677 1076 3242 15 3159
616 2916 1746 1308 1410 1677 3149 3159
2862 416 211 2372 839 1990 335 3206 838 3159
2489 3100 3018 2331 3159 2815 2638 2720 2698 3159
2139 2028 416 752 1677 1060 2889 3389
490 1422 950 1725 2489 2419 3159
2862 2320 15 3032 2468 323 470 2762 254 3159
196 2205 196 2421 1486 2815 2065 335 3206 1937
693 1139 3159 15 2863 2711 2963 1990 1260 1308 15
885 2264 3245 1663 2372 2332 628 2638 924 2236 3159
693 2963 1433 2727 2372 950 2762 3083 2040 3159
1990 1022 3360 3159 346 1445 1336 1677 3114 1937
373 922 905 1805 1433 1523 3159
693 607 853 3159 91 2372 1988 1974 1937


1397 3331 3159 2649 2764 3159 2762 2954 2330 3159
49 323 1336 2419 3159 2280 1990 843 3159
2068 1677 15 3159 1397 1677 3383 3159
2874 1449 1336 1390 2071 1926 1937
2862 628 2874 1036 1805 49 2236
1460 2728 415 2372 1577 885 2419 3159
1677 1632 2016 2930 2372 3455 3159 1336 3331 2038 3159
3289 3063 885 2441 3159 784 1336 1574 1937
3111 1594 2820 3206 1933 3159
905 834 1390 1532 939 2489 2419 3159
1527 3392 693 1845 534 538 868 2713 3159
2372 1168 1092 1629 3159 2174 446 885 2711 1937
2103 1726 3159 1990 3048 3159 693 416 2139 1875 1837 3159
1990 757 1598 538 868 2762 2895 707 3399 1937


2532 1052 2762 967 49 134 787 468 3159
439 885 1838 1027 2372 1168 2377 3159
2532 1052 3159 1677 967 1168 457 2377 335 635 3159
1677 967 3159 2532 1052 1943 2372 2963 2011 3159
1677 967 1732 1337 2963 2638 1460 1934 2720 3454 3159
1991 2376 1702 2033 1336 2291 3438 2208
693 2268 1732 2963 1489 2353 3159
2762 1416 1460 1934 1168 1092 3435 3209 1937
885 1830 2103 3288 1613 840
1398 2372 1627 3159 958 928 885 833 3159
2762 905 574 1936 1613 421
1490 3230 1246 3159 2762 2186 592 2448 1937
196 780 3159 2532 3230 2506 1613 1168 2401 2448 3159
2762 1677 592 2011 3159 1168 2198 1577 2372 967 1937


681 2532 1052 2762 967 2704 1613 3406 3159
2762 1555 1732 275 718 1845 100 1397 3159
628 2963 2532 1052 1613 1366 2862 1855 3159
624 967 1460 1577 1336 2847 749 1732 343 1581
1336 1677 44 807 416 1677 1052 1732 1189 3159
2762 885 1593 649 2424 1677 967 1590
2946 3355 2532 1052 1613 1677 592 1078 3159
2762 1460 3139 1627 2372 1577 1732 1120 3475 1937
1433 1015 905 1168 807 624 1677 1577 3159
1168 2043 2180 3159 924 1360 1762 1336 2711 3159
2862 2638 1308 197 2116 1677 1627 580 1012 3159
2762 1990 1260 1762 1336 1598 3159 2762 1436 1336 2419 1937
624 1227 1436 1984 3159 1168 807 1460 1677 2377
976 1677 967 3159 885 592 2762 3230 1217 1937


439 584 2547 1990 628 1990 3406 1677 3149 3159
1555 1958 990 3449 2749 885 2366 3159
2963 885 1677 1880 446 2921 2799 2698
2489 3115 2372 2654 3159 1460 2127 1857 2372 359 1462
693 2638 3159 885 3028 1677 2703 2114 49 3159
1910 2723 3096 3159 1845 1677 241 1637 3159
2638 2429 2372 3390 3159 2762 2532 3427 52 3159
924 877 2137 2372 2748 2686 2414 1937
2419 1724 1990 1308 3224 1088 1460 1305 1275 3159
3316 2815 2638 924 1308 3159 2541 1990 2054 2638 924 3159
2235 1393 2554 2372 1677 1658 3159
2489 3303 134 2705 2638 3238 534 2762 2448 3159
2762 3392 1764 2638 3122 3206 2587 1990 832 3159
2862 149 2079 2898 2862 1802 1433 2669 1937


1369 2963 3355 1991 1227 1789 2963 3355 534 2208
628 1990 2999 1507 2419 822 3364 1677 437 3159
628 196 1168 1577 2224 1112 3139 662 1006 3159
1538 885 2963 836 905 3123 935 3159
1369 2963 3355 628 2638 3131 78 1916 3159
2762 2442 2496 2711 1336 2963 975 1535 1052 3159
628 1577 946 2489 949 446 2547
2999 2875 430 2372 1494 1768 1581
1369 2963 3355 2709 1990 2581 2711 2522
2235 2257 2372 2532 1457 2213 3159
2762 2103 1677 8 3159 1369 1677 2043 2774 3159
885 272 2599 2875 3364 1168 2448 3159
885 2356 3189 2711 3159 2638 3226 1004 2372 2402 3159
381 2110 885 1577 3159 1990 3032 1193 2139 2334 1937


439 607 2709 1990 119 3364 1751 3159
628 1582 1990 773 1991 1677 2358 3076 932 2208
1732 2557 2963 3495 2762 2963 1715 885 1915
569 780 3018 923 49 978 2489 1168 1005 1937 569
625 2963 148 2711 3159 916 1336 1677 1974 3159
2178 650 3364 3159 885 644 2963 79 1460 2711 3159
196 1227 905 642 19 2438 2889 1979
3139 2449 2168 1308 2148 2016 2930 2489 2419 1590
380 1007 598 3314 1934 3364 3159
2963 1901 3113 101 298 3139 1479 3159
239 191 2065 146 1336 1559 3159
2611 1383 885 2711 2116 2368 885 3139 1830 3159
2862 2963 1759 3334 1732 448 2103 1460 1677 1237 3159
1677 1637 3209 2355 2762 1677 3048 2618 1937


780 3032 1677 1577 952 3473 3494 3159
2372 1677 3110 3235 3159 628 2489 2419 1990 2148 3159
2489 2815 2638 924 3159 2110 1746 1990 827 2711 1764 2118
2657 1990 112 2372 2667 1613 2139 229 1937
3286 1582 952 2083 1677 3189 657 416 430 3159
628 1390 2120 3032 2237 693 1523 2118
416 1746 1990 1007 2541 959 3364 3307 3159
1460 3275 2148 2139 2071 2999 1990 1979 3159
416 3032 2139 407 1336 1677 3383 1673 3336 3159
3367 3383 1991 2372 1982 1577 2016 2930 2208
2999 2345 1991 2139 3110 1076 2208 1460 3139 604 2851 3159
693 1577 3159 2862 1577 3159 780 2999 952 1677 178 3159
381 2489 2419 2905 3159 2065 2582 1063 3159
2917 2419 3044 1927 3159 2762 1554 1934 2356 885 1488 1937


1433 1260 1990 196 1514 1740 954 1960 3159
3032 1011 1934 885 3139 1626 879 1698 3159
933 2065 2083 1308 2748 1612 2859 3159
2862 1254 2520 1783 2372 399 2705 1937
3367 49 2632 1433 1299 2762 1433 1516 3159
381 399 1898 1460 2963 216 746 3417 3159
795 2409 2372 2270 1436 1540 3231 49 3159
624 2232 2703 1460 3380 1937
1433 1613 2623 2963 145 847 196 1677 1275
624 196 2928 239 2364 1732 1479 3159
885 1419 642 764 2170 2251 3159
905 2619 3491 3139 2197 564 1937
954 49 847 1740 1651 1096 2767 3159
2016 2229 885 6 3159 2016 3342 885 1643 1937


1582 1613 2592 2951 3159 1893 49 847 2930 3159
2963 2129 2372 460 2903 3364 847 249 2118
381 2748 106 3159 2224 2748 106 3159 106 2248 3159
2762 847 693 106 3159 3032 2748 1117 3192 1590
517 3434 2762 1952 3159
1613 1191 3262 2943 847 3159
3364 235 2491 958 924 2372 2072 3417 3159
2762 847 1460 168 760 49 510 2619 1590
570 2372 1370 3159 2762 463 2372 348 3159
493 1732 1117 2372 2592 2072 2444 3159
1397 196 2592 1345 1732 395 3159
2762 847 1460 2748 954 3469 3077 1979 1937
1460 958 176 1376 847 1724 642 2448 3159
693 847 795 1670 3159 1670 847 2862 1084 967 1937


3286 439 2727 2611 1732 2072 491 2237 3159
905 2963 1626 1455 239 149 1732 1554 1462
2633 2017 1092 3159 693 3261 3077 446 3474
2862 2963 1626 2327 3159 239 1732 1460 446 1081 1590
1150 678 1724 907 196 14 445 3159
196 2956 854 2372 819 3159
2588 3364 790 1313 3159 2762 34 196 817 3159
628 482 306 574 3425 896 1355 1590
693 2862 574 3176 3427 1613 574 2444 3159
1436 1081 1431 3159 2762 1273 1222 3159
2467 885 2404 1937 1626 1212 2709 1308 1433 3159
2372 574 1626 3395 3159 49 2899 646 2930 1590
2762 1433 2372 847 3159 491 2762 636 1188 3159
628 2963 2999 1222 3159 1677 1800 3439 2592 149 1937


1308 2894 3159 2673 315 1373
2372 2182 2999 2983 2103 2779 2637 3159
693 847 2999 2952 2611 1541 1460 2874 368
2116 2187 2093 3159 1282 1336 303 3355 1937
628 1379 468 2999 2994 710 3159
2762 1560 2323 947 1889 2372 2738 3159
2673 3097 3139 3173 3159 2673 3253 2206 2330 2999 2193 1590
1861 548 2372 2592 1399 1937
1389 2441 3159 2762 402 2308
2999 847 3336 665 3159 2592 266 2999 1762 430 722 3159
3392 1460 18 2372 958 351
2963 1963 2103 1602 947 885 3184 1921 1937
1433 2657 3430 2963 2592 2043 3338 3159
847 1081 1460 2103 3159 2762 492 1460 257 569 3438 1937


1626 1577 2523 1168 3203 3159 3206 446 1308 2209
1168 2094 1746 37 3206 2116 948 3159
239 693 1824 905 115 1613 2060 3159
615 2882 1460 3139 1058 2921 1937
1433 1577 3206 2638 3159 752 1824 2638 2495
1168 1553 3438 3159 3392 2657 1436 3125 1336 756 3159
615 1507 868 3159 2762 2709 1308 2716
1600 2372 1577 3159 1336 1129 523 1590
1478 2103 3399 2354 795 1902 3206
239 2361 891 3159 2815 3331 2481 2619 3159
534 3029 885 3090 3159 2963 628 1436 1507 1590
112 2372 1577 3159 2611 2984 2351 3206 1730 1937
624 1295 446 3333 3159 239 2016 907 2372 52 3159
74 482 1417 3159 1685 2611 117 3159 2611 1516 1937


2016 2592 3375 1582 1746 1990 2709 693 249 3159
490 3222 3159 2762 194 2372 2592 3383 2118
1990 1724 2139 1747 3355 134 958 885 1023 1581
2673 386 885 2709 2657 847 2274 1937
2673 1160 1990 1391 2132 1612 3159
2725 1990 1991 1677 2464 2208 2312 72 2862 847 3159
2673 2421 2225 2372 703 682 3159
628 847 1724 3146 2592 1683 2454 1675 1937
2673 1160 1990 1471 1336 1677 1871 15 3159
2815 847 2351 3206 3159 624 2592 3073 1630 3159
693 795 224 3375 2698 2762 2421 2372 922
3316 2815 847 49 3159 439 1956 847 1419 834 1937
1433 723 3268 1613 1577 3159 2963 1460 2592 2083 3159
1991 2541 847 2709 1305 1199 2208 2065 2147 2139 3020 1937


2963 2745 585 3159 2963 2930 2711 1047 2592 3375 3159
1990 1746 1460 15 2884 2592 194 2372 2705 3159
624 134 2592 8 104 179 2372 1495 885 281 3159
2016 2592 1922 2525 885 2698 2592 1445 1937
3286 1478 2711 1420 1991 2016 134 2592 391 2208
104 2197 703 2372 2592 190 3159
2762 1661 2671 885 2810 758 1555 345 3159
941 2160 847 2372 130 1937
3206 2815 847 1544 3159 2592 3297 1613 1433 2613 3159
2963 847 2592 2043 2351 1847 2592 3355
885 1582 847 2083 3159 885 847 446 1732 551 3159
2592 2043 885 3340 2372 2947 1803 1937
1990 1260 885 1300 3159 2541 2595 1433 3206 811 3159
1308 62 2592 2705 3206 446 3020 624 516 1937


1227 1611 3206 1314 2619 3159 693 2963 239 1613 3159
2224 1734 2219 3159 439 49 50 3290 1807 3159
239 1621 2862 2925 644 2790
1344 3033 2372 1883 2211 1462
3286 2963 548 2024 1336 217 2136 3159
3392 2372 2508 545 2025 2372 3075 3159
2444 2711 2592 3210 1460 642 1183 2892 3159
381 1237 134 1047 1460 280 2547 465 1937
2963 1990 2921 1507 1582 3492 1602 2024 1915 3159
885 2103 326 878 2372 2592 2492 3159
163 3077 49 2379 3159 624 163 2735 1436 3159
624 163 1279 3206 1654 1937
3286 2127 1990 1260 227 2372 1058 1639 3159
885 3015 2307 1724 2685 64 266 1937


795 196 2215 1419 2917 2812 2977 3159
1433 2709 50 772 198 885 574 932 3159
1555 497 1623 1336 2963 239 2384 2219 3159
1460 1339 3484 958 1082 2709 1210 1937
3050 2454 1460 1710 2372 269 3159
898 885 3030 3159 522 2016 3036 3159
2888 3259 1389 3139 689 1576 3159
2762 3355 2963 2690 3159 1732 1845 3139 1230 3066 1937
3355 1732 1435 770 3417 3364 1188 3159
2762 713 2391 1460 427 509 3159
1966 3364 783 2372 601 149 3159
2762 1314 2585 693 2862 3139 2937 885 3319 1937
2762 944 885 194 1460 1643 3159 1677 1800 2999 3389
2869 1168 2270 3159 211 3139 182 8 1937


1613 446 1168 2083 3159 1168 3210 1746 1673 2005
1677 607 2088 885 1657 3448 2118
2720 2638 3383 1677 2115 1746 3206 2507 3159
793 2903 795 885 2419 2709 889 1677 2377 2118
1613 446 1168 855 2963 2638 1591 2489 2419
1433 3018 2489 2258 298 1677 2369 885 98 3159
885 430 947 2974 2762 813 1495 1460 2711 3159
3172 2762 699 2372 1168 1202 2118
3286 2139 3159 1168 1577 2541 2727 3159 1613 1308 1433 2968 3159
446 1613 1677 1577 2963 145 2532 1052 2621 3159
2532 1457 723 1577 2963 1732 1677 2458 771 3159
885 34 1003 1789 2862 1168 1717 1937
2862 2419 2312 1990 3159 2725 2638 2720 911 1124 3159
2489 2711 3018 2819 3159 1336 2156 958 554 2736 1937


701 2372 2077 986 958 2532 1052 3159
2762 958 1677 2299 3159 2762 958 1677 2748 2448 1581
2762 2862 2103 701 1611 1613 2139 862 3159
446 1613 1433 1338 2198 1460 1677 967 1937
2407 2139 2873 1433 431 1613 196 2532 3159
2139 3469 1433 723 3159 2139 149 2372 790 179 3159
2762 2862 1677 2043 2532 1457 2270 2709 46 3159
196 1990 958 75 1460 958 205 2682 1937
693 628 1677 921 1696 2711 1677 2043 1321
3343 2762 892 1336 1147 2392 3159
2532 1457 2077 1811 3152 1990 1597 1590
2043 3159 1433 1204 3242 2478 1937
2539 2419 1991 1677 2043 2208 2963 2862 1677 2043 1990 266 3159
1205 1677 1882 1336 2072 2372 1168 1639 1937


1369 1677 1577 2999 3206 196 1990 1260 1845
1336 346 616 8 1579 2762 2708 3159
628 1495 1724 450 3139 3397 2762 1583 3139 509
1336 945 2762 32 3159 628 3139 486 634
2224 3204 3364 885 2740 2670 3448 3159
2762 958 834 2266 1893 1845 2596 186
49 987 3159 624 1865 947 2372 2377 3159
394 2180 1954 2372 3139 2288 1590
2862 790 1701 2709 1990 1845 914
1369 3070 2740 182 2854 3159
2963 2065 2999 1702 1051 2489 1399
1677 1626 44 2072 3159 2541 1677 2140 1632 1937
3139 2072 2999 1460 2874 3321 945 3206 1864 3159
2762 1436 2999 1081 3159 2762 2065 1460 1598 1762 164 1937


628 1990 1724 1864 905 346 2730 8 1239
1444 2074 2372 532 3112 1882 3159
628 1461 2981 956 1990 1507 2904 3159
2762 2061 2498 3375 885 3118 2839 1937
628 1990 1724 1864 1866 2717 2948
2470 3364 2763 2372 891 3159
2762 2927 82 2081 2372 2244 1890 3159
1280 3423 1336 2988 3159 2762 2988 1336 3423 1937
628 1990 1724 1864 790 2311 2372 1140 3159
624 1140 446 2043 3299 3159 885 2586 3159
1884 2224 3056 2711 780 885 1819
2963 3355 2083 534 2762 3396 1677 1577 2180 1937
2103 15 1613 196 852 239 598 769
693 1635 885 1724 3159 2963 239 446 1316 885 1434 1937


381 2061 3159 2673 2093 3159 2673 950 3159 2673 1269 470 3159
693 3399 3378 2233 574 1995 3159
439 1336 2103 2839 2999 2072 170 3214 3159
1740 599 1613 2139 2699 2116 1142 2118
3286 439 2999 482 2677 306 170 947 3159
1369 610 2997 2372 800 1639 3159
628 737 674 49 1308 1433 22 3159
2673 175 2372 458 1433 2613 693 3355 1228 2118
3286 617 2095 3159 2815 61 3159
2999 346 2429 3284 2489 346 1275 3454 220 2118
624 1582 2613 8 3032 170 3139 1390 1060 538 3159
624 1527 3139 1878 2372 2072 3032 585 2118
3286 1670 3159 1983 2103 1331 1724 2921 3159
2963 1460 3321 188 1677 1577 2351 1762 2952 1541 1937


916 1336 958 2874 2862 3246 2441 1990 39 3159
196 885 1580 2213 331 2063 3159
2762 2590 1314 735 1460 1950 3159
2762 487 1107 1074 2533 3159
2762 2976 2791 1310 2216 3159
2762 2494 3176 1719 3011 3159
2762 2011 305 1030 54 3159
2762 3419 905 2826 2484 709
2762 924 2930 1615 905 138 3159
2762 720 1991 3486 2208 3049 1472 3159
2762 1614 149 2090 3274 3159
2762 627 275 861 2232 3020 1937
916 1336 958 2874 3159 2489 2874 335 1990 3206 2236 3159
3316 2963 885 2467 3159 1990 2356 1677 1577 2038 1937


1139 352 1336 2161 1746 2065 1081 3159
2762 1336 3139 575 1376 3133 3159
2963 701 905 1934 2470 1746 1492 3159
2762 13 446 2043 1336 3139 3182 2118
2110 1746 1110 1205 1664 3139 2491 3159
2762 1753 698 3026 2372 3139 971 162 2118
2110 1746 3189 2072 1167 773 3159
1212 2372 1117 3159 381 3139 1793 1613 723 2118
2110 1746 2065 1081 3159 1845 1985 3382 1613 3159
3353 2372 3397 885 3067 2684 1854 1816 3159
2862 2359 2224 2139 1687 1845 693 3139 3159
2762 1394 2372 1863 3159 2150 490 3139 962 2118
3286 1934 2359 2939 3159 885 2444 1582 2440 2359 2229 3159
1460 1639 216 381 3159 2219 2874 2014 1433 765 1937


780 1613 3139 2491 1509 2372 1639 532 3159
628 2072 3351 2762 2175 196 1080 2709 1845 3159
2219 2874 469 1949 2372 1092 3242 2063 3159
624 973 85 3364 1451 509 1590
2219 1077 1333 2372 731 3159
1346 2372 2339 3159 3242 2363 2180 3159
885 1081 2986 1632 3364 1947 3022 3159
2681 427 698 2256 2930 2946 1115 1590
1460 1934 834 1748 1183 1495 49 1864 3159
941 958 1455 3159 446 2043 2762 723 3159
2555 2139 246 2372 2646 164 3159
1109 2139 2158 885 1771 3139 2072 2619 3159
2762 1934 196 2862 1151 1732 1985 3423 3159
885 2444 1110 924 1582 2072 2547 2372 2526 1937


834 2361 2372 2419 2963 1259 1052 1732 1951 3159
829 1314 2963 1186 2372 2084 3032 1475 1590
958 1041 1991 890 2372 406 2208 1554 2419 2963 2506 3159
2576 2146 149 3159 3392 1433 196 1458 2117 1937
1168 2401 780 1336 2401 266 1613 3036 3159
693 834 1759 1041 2963 1554 2419 1433 1535 1457 3159
1460 75 1317 2709 2103 266 3066
905 1517 197 2116 2343 2224 2836 1937
1436 2136 298 2982 2372 1168 1237 3159
2762 2963 1460 1959 1436 1738 905 1168 2369 3159
416 763 574 1627 1991 752 574 3438 3242 2294 2208
885 1168 1092 1312 937 2891 1500 2372 2920 1590
693 2110 1168 2327 1108 1308 1168 2444 3159
1358 1613 2103 3159 2963 2638 2720 3432 707 1937


2963 2638 924 129 2999 1308 3206 1168 3101 3159
2862 2689 3304 2547 1789 944 1856 3159
169 2372 2072 1613 77 3159
1267 2963 899 1460 3010 2899 2764 1937
1433 2638 3206 275 3159 120 1732 693 1153 3159
1168 2270 2687 2016 865 2372 3355 3159
2862 1075 3460 3400 896 1732 1577 3159
2762 2638 1735 883 3058 2647 1937
2638 3226 2784 905 2039 2372 1908 1639 3159
1015 1308 114 3159 624 639 2016 3147 3159
944 2103 1168 266 598 3206 1433 1168 266 3159
885 1288 1088 3205 3159 338 1775 3159
1227 642 77 2372 3020 3425 1308 1168 2444 3159
416 2638 2038 103 2372 2084 3285 2102 1937


2139 1875 2906 2862 2711 628 1990 1260 698 3159
2116 847 2999 234 3312 1261 919
1554 1501 885 1948 2963 1990 1260 3264
2489 2103 473 1602 1336 739 2571 885 492 1590
1180 1227 847 1597 2103 1723 3159 3420 1308 3159
9 2963 1415 446 3159 2862 1990 1577 847 1433 3159
2963 1990 1460 2592 1626 1627 335 3206 2560 3159
1227 3326 3364 2711 416 1746 1419 847 1974 1937
3286 1227 1991 1990 1915 2208 847 2136 490 2103 1800 3159
628 1990 1991 110 2208 23 1260 1336 233 3159
2709 1308 1433 2727 196 1677 3189 3296 31 1581
693 1478 2592 1577 3392 1336 1677 1632 2586 1937
3042 1287 1602 1746 2136 298 2592 3114 3159
2762 889 847 1336 2711 2943 1990 1260 2236 1937


3286 3042 1948 1746 1116 847 885 2457 3159
1582 1190 3351 1460 2711 2963 847 1746 1577
2943 1677 2441 1991 2669 1577 2208 3306 2711 1811 3159
2862 847 1460 2711 3032 1314 2723 685 1937
1983 847 335 2751 642 859 3454 3159
885 2709 2611 2862 2711 2116 2532 1457 2213 3159
2762 2588 2611 266 490 2152 1990 3159
2116 1303 149 335 2617 1362 1590
3286 3042 2592 723 1577 2351 2237 1110 1460 2103 3159
2963 847 2862 1577 570 516 2372 2711 3219 3159
1677 3296 3206 3112 2815 1677 1727 1613 3159
2762 1081 2139 2611 885 251 2673 2711 3159 2673 847 1937
2862 1990 1260 1224 905 2963 239 1990 1011 665 3159
2762 1433 1746 847 3159 885 1577 884 1314 2270 1937


2963 3355 2372 746 2638 3238 1460 2711 1580 3159
628 1839 63 3159 624 1670 3159 624 2101 2709 2588
490 834 2700 239 1262 1369 1779 3159
2146 825 2597 3159 2815 2092 2750 2319 2086 1937
1460 2711 2638 2203 727 2372 790 278 3159
196 2943 121 2829 1460 2096 3159
239 905 2762 905 3321 3448 1732 3396 2180 3159
2838 1947 2043 2963 611 1088 958 1460 2458 1937
1460 2711 2638 2203 360 2372 790 2330 3159
2963 3364 2337 2372 3139 1188 1732 3454 3159
196 2273 3159 675 446 1022 2822 3159
623 1336 2963 239 446 2547 3142 905 1937
2103 2638 1031 3159 239 74 1168 1577 2611 2613 3159
885 1577 2963 516 3159 239 2638 1022 2356 2681 216 1937


693 3206 3447 628 2963 2730 2665 3159
941 958 894 2999 1062 2711 2180 3159
1677 1632 2224 1460 2103 1723 642 2848 3159
239 2862 2240 1762 1336 2419 2999 2698 1937
628 2638 2514 2103 3159 2638 2720 2461 3159
1392 2448 2547 1019 885 2419 3159
1049 3032 1724 693 950 3159 239 1613 3139 2506 3159
1677 855 1613 1535 687 2448 2372 2711 3159
1433 416 2638 3226 693 3140 696 2372 1632 3159
2137 2372 2571 3159 1677 1727 2016 698 3159
520 2397 2372 3440 2854 3159
554 565 2372 2419 885 3206 2006 3159
1946 2372 2963 3159 1613 2963 239 446 895 3159
2762 2963 1613 2103 3159 2762 2103 1336 2419 2668 1937


1433 49 847 885 1677 1627 196 3148 885 1632 3159
624 196 1274 2010 49 885 1211 1581
2762 2862 127 2372 847 1990 170 790 1043
196 2201 1767 2762 3139 2440 1613 1739 1937
1845 1394 196 803 1203 3159 2762 653
594 3291 1882 2083 1753 3139 1698 3159
1845 844 2429 885 3206 1336 847 2038 3159
416 2697 2963 1948 2351 1507 1677 2705 3159
1461 958 907 1336 238 3364 2592 2377 3159
2762 905 2762 905 2978 371 2862 1855 3159
1620 624 1301 2139 1217
3316 1582 1613 2229 3159 624 1022 2489 847 3206 3406 1937
780 2709 1990 3102 2762 2911 278 905 278 3159
624 111 3364 958 3159 624 958 2180 1937


2110 1613 1677 1800 1433 3467 2372 2619 564 2118
1433 3018 2489 80 624 2206 2603 2118
2110 1336 2623 2709 1990 1308 1411 3057
885 2204 21 3159 2762 885 1243 460 2118
2110 2933 1990 1762 958 106 3159 1789 1654 3159
2762 1673 2925 1460 1111 3443 3159
2963 2748 1825 1732 2260 364 1677 3296 3159
1542 574 2190 3159 2762 2815 1436 2889 433 2118
3286 1979 1626 1577 1990 2714 2933 2372 847 3159
2762 847 2762 1577 49 1762 1677 66 1590
1433 958 1677 2429 1613 2286 2158 1125 2619 3159
302 868 1582 1613 2769 3272 1590
2862 196 3075 1613 3029 2619 2762 2158 3159
1433 1613 1677 1577 1762 1209 1582 1613 1726 1937


1168 921 2083 2444 2419 439 1168 2266 1963 3159
1168 1226 439 1168 1747 772 3151 3159
2874 10 63 1168 2482 984 2083 644 3159
2762 2372 2103 2892 3159 2103 2563 3238 2638 1691 1937
441 239 1168 921 2083 1181 2444 3159
2372 292 1736 2083 1554 2419 1399 3159
2638 905 1168 1867 2605 2897 3238 1979 3159
346 2898 3481 885 2035 1937
2136 1582 1168 1399 598 337 3159
147 885 2874 3151 3006 3159 2762 2638 3131 430
834 3216 3129 3159 2772 2489 1168 3327 3159
885 3396 2302 231 2372 1168 1237 1937
2874 1491 3159 1433 3283 196 2638 3122 2136 3159
2999 2340 2419 3159 2762 2727 602 1168 2892 1937


1433 3283 1724 1990 1083 2419 2862 1677 3 3159
2762 1739 790 1092 1238 1460 1677 1800 3159
196 2748 983 1414 2224 801 1677 1880 3159
2762 990 2419 574 3496 2499 1937
1535 3438 3159 2963 3056 1248 3364 388 885 3062 3159
2762 607 1885 640 885 2314 3159
1724 1570 2934 885 2313 139 3159
2762 2685 1376 785 503 1937
944 3206 1910 1394 2372 2963 239 1990 1322 3159
1740 3437 1613 1535 3159 2762 2063 2372 2419 3159
1460 2156 569 3164 2638 2720 693 1475 2008 3159
2762 2868 1336 1168 1626 144 332 3206 1937
693 2638 924 958 1677 924 3159 2762 2720 3458
196 388 196 2563 3159 1677 2944 1885 1937


2725 1990 2038 2889 1295 490 1168 1056 3159
1677 1800 2038 2229 958 1168 2744 1376 3159
693 1845 1677 431 3013 49 304 3159
2762 1677 429 3 1732 1554 803 75 1623 1937
1990 3250 1991 1626 1577 2208 1168 636 66
3002 596 2372 2561 1414 3159
944 1582 2372 2419 1168 2456 1732 2842 3159
2065 2029 2419 2372 3159 2762 1225 446 2419 868 3159
2065 2661 2419 3176 3159 2762 2065 2241 2963 1825 3159
2489 1168 1482 3159 2072 1732 2065 1554
2762 1739 446 1460 1168 2491 1590 2065 3032 808
2139 266 885 2419 3159 693 1582 1460 2419 1732 1081 1937
416 2960 1934 1308 2862 2963 239 2065 1732 1915 3159
381 1582 2065 3487 2419 3159 2638 1168 2043 2720 88 1937


3286 439 1990 2834 628 1990 2372 847 2709 2933 3159
192 1432 855 1732 1880 2592 3296 3159
2762 1460 1782 1980 2602 958 3139 2921 3159
885 1419 2711 1615 621 2372 2592 1718 1937
693 381 2592 2270 1991 413 196 1902 1613 2208
1214 196 2138 177 1732 644 3159
1677 766 3388 1991 1184 3018 885 3139 2208
3364 2592 3103 1890 1732 938 395 1937
2592 268 2395 2083 170 2711 1088 481 3159
2725 2065 490 2592 2000 14 1732 3084 3159
624 1991 2016 248 2208 1990 1260 2672 1244 3159
2065 2372 2316 1216 3159 2762 2372 1776 564 1937
416 1227 2065 2276 2762 1990 3206 1112 2180 3159
528 2547 2103 3159 1677 1577 2547 1677 2586 1937


624 1990 2999 1081 2592 1306 885 1419 3159
624 847 1388 628 1990 1460 950 1260 3385 3159
2489 2636 2592 1399 2441 598 3396 3159
752 1460 2711 1555 2448 2083 3206 2741 1937
2592 3296 2489 2636 1840 1632 2999 1724 3159
2541 1990 1991 2454 2236 2208 885 958 1948 1022 2467 3159
1049 3032 2502 2711 693 3358 2845 3159
628 847 3132 1460 3446 3438 2999 3454 3159
2592 1487 2999 3206 1677 2744 1800 3159
239 3438 1308 944 2578 2999 2380 3159
2762 1041 885 3206 3159 2592 2016 2999 31 3159
628 958 2007 2372 2103 1602 49 698 3159
847 1762 2999 1081 1991 790 3176 2224 1677 1414 2208
2815 306 1910 252 3159 3392 1460 154 2372 796 1937


1990 3250 2638 562 1308 2629 885 1677 3 3159
2762 3367 3238 941 2953 1372
2293 1125 239 631 1880
2372 574 1092 870 3159 1296 2748 2892 1937
2638 924 196 1092 1460 3371 196 1460 162 3159
1932 1168 2270 1558 2811 1677 266 3159
2762 3367 924 2765 885 773 375 3159
642 1498 1340 2372 2462 1639 1937
2762 2709 1433 1577 3159 944 628 1436 1724 736 3159
1582 1548 1466 438 3032 3192 3159
2638 1181 1092 3159 562 1181 2761 3159
1460 723 1955 1125 3159 905 1168 209 1005 1937
2762 574 2426 1205 2921 3206 2735 293 3159
2815 1631 229 3397 3159 1460 2419 446 1613 3269 1937


1990 1702 264 2963 847 2889 1205 229 3159
2762 3367 885 2592 1092 2139 1205 3417 3159
1990 1739 1991 624 15 1990 1739 2208 847 2889 558 3159
2963 3467 2728 2372 2559 370 1590
2762 3367 1724 1990 38 1460 2592 626 3159
2963 847 2592 2043 2016 629 516 2921 2444 3159
439 3018 1647 1465 1732 534 554 1094 3159
621 2372 2270 3159 1582 2270 1460 847 1732 707 1937
2103 754 2862 1677 701 847 2889 1289 3159
239 2999 3206 1910 1677 689 2016 655 3159
2862 1990 3072 1308 2072 2016 3188 3159
628 2156 335 1554 1632 3159 2762 1011 726 1937
1611 2150 2611 1632 1460 106 2372 2592 1092 3438 3159
2116 323 2592 1804 3032 1460 266 2751 1937


1527 1613 446 2963 1416 1910 3159 239 3032 1915 2611 3159
2116 2103 2036 266 3159 2963 847 2038 3159 49 847 2118
1460 1740 3104 1223 1613 383 3159
239 1746 2535 2815 2592 2145 1054 1937
3257 2753 2235 2963 1414 1732 492 3159
2963 885 3139 870 2661 1308 642 99 689 3159
693 2065 2963 1525 2372 847 3159 1227 2065 3032 364 3159
2963 847 49 847 3159 1433 1122 3139 2938 1937
1478 1934 693 1207 1582 1460 847 1613 1415 3159
1308 2555 2307 1582 1985 2930 1433 805 3159
2762 790 488 2999 1718 3139 1720 3159
2555 3139 3369 3243 2748 2815 1937
847 885 2592 491 3456 937 76 3159
2016 3266 3364 266 3159 239 74 2592 1533 2307 1937


1677 1615 3 1460 466 107 2833 1762 3159
793 3281 2372 2592 266 358 1013 3159
2076 574 280 1336 118 1465 3159
2762 1747 880 905 958 965 2908 1937
1990 2421 275 1627 3159 2725 75 2933 275 1125 3159
2762 795 1349 1206 1762 39 200 3159
885 2748 2226 2963 511 855 1170 3159
1460 920 1409 2372 516 1595 1414 1937
70 847 123 3159 1990 1915 2539 1433 3159 2539 723 3159
2762 885 1323 2372 266 937 1758 2611 3159
693 2963 1613 1460 1677 15 3159 1740 1577 885 847
1991 2541 1125 534 1624 2208 107 3139 1496 2219 3159
416 2156 3159 2862 1484 2372 1125 3254 3159
2711 2862 1677 655 1627 3159 621 1460 2080 1937


2547 446 2877 907 177 2372 3139 2968 1800 3159
2525 2862 1148 2372 1991 958 554 1747 2208 847 3159
2963 2889 1677 1763 1627 1460 1677 3327 3093 3159
2555 574 850 677 1156 1436 1054 2118
2547 446 3139 855 3159 905 81 3056 885 2933 3159
16 787 3025 3159 2963 3421 2711 698 2118
2139 3159 3309 2065 3159 2673 3139 619 905 3448
317 1934 1056 3159 1677 1800 1666 1937
2065 2673 2963 2099 1469 762
239 53 3273 1934 1336 2497 3159
196 137 2372 1677 754 598 2447 3159
1990 2547 1308 429 2372 1305 832 2489 1764 1937
693 628 2592 2234 1583 1088 3139 1723 3159
416 3342 1990 2028 3159 2963 1505 2532 1937


2693 1462 2638 924 554 2669 2862 1677 1620 3159
2762 795 2658 2638 1001 1168 2304 3159
1903 2372 1168 2270 1096 2419 587 1590
1677 654 1460 2419 49 958 426 1937
2862 439 2709 1990 170 2419 693 905 1168 936 3159
2762 2862 2963 1977 2815 1613 1677 1969 2118
3329 2372 2103 1092 1230 1460 2711 1613 2252 3159
2762 1433 1677 1743 538 868 1613 788 1937
1168 2043 2638 1909 3159 1168 1457 2270 416 1308 192 3159
624 2711 885 3028 2638 1909 446 3159 2142 1761 3159
1433 1168 2968 1230 490 320 2858 3159
199 2258 868 3159 3364 2735 2662 2555 1937
780 1724 1990 2229 2419 196 3174 1732 1852 3159
1460 1984 1002 3159 693 3335 2139 790 2028 1937


628 2638 3131 3206 1603 885 3417 2711 269 3159
2762 1623 1677 1190 1460 2343 2372 1703 3159
490 1168 1830 3159 1369 1677 2043 3044 1576 3159
2762 685 2419 859 3159 2541 2638 924 2533 1590
1336 2532 1457 2648 2016 2429 3461 3159
490 1168 2448 1990 3032 3417 3063 820
2372 3350 2019 3159 1156 1990 1260 174 1590
2963 2638 1460 2876 2711 3159 3131 2081 2727 689 1590
2762 1990 905 2103 2083 3206 563 554 3159
2862 1440 958 1677 1097 1627 3364 2419 3159
1953 2963 885 1677 2043 1990 2709 3159
420 2419 3059 3159 2431 2711 1937
790 1613 1677 1577 3159 885 2419 1990 1433 551 3159
2963 2862 1168 2011 3159 1677 2043 2083 644 958 1263 1937


1915 2963 2638 2490 1292 2711 2862 642 1588 3159
2762 1990 2083 3001 490 2963 3494 3159
570 2372 1677 2528 3159 2762 1990 2895 2083 462 1590
1369 1168 2875 2555 2139 2835 1937
2638 580 1308 1991 1577 2208 1941 2711 1453 1433 3020 3159
885 3417 2141 490 2634 2603 3159
196 3044 1677 2043 1941 3159 192 1168 2083 3159
1990 2083 231 2792 2762 2136 460 1590
3206 2278 2489 1168 2002 2762 1460 1677 1778 3159
1168 1626 3490 3296 2139 2611 2999 492 3159
3042 1990 1991 554 2727 1307 2208 1746 2709 446 702 1590
2762 2027 2372 50 2158 231 364 1937
2862 2419 3159 1369 1677 2043 3044 36 2521 3159
2862 1990 1022 3191 1577 1934 3028 2638 2720 1272 1937


416 1272 2711 628 2638 3122 3159 1227 1789 3159 1845 3159
1845 793 1948 1613 3161 1677 2369 885 102 3159
841 1336 1551 2372 1105 3159 1419 2711 2159 3159
2762 2709 1308 981 1460 2862 803 1037 1590
1139 2709 1308 3159 628 1677 967 2224 2548 2103 2724 3159
534 1460 659 2372 582 1974 3159
1554 1308 2827 3448 1906 1563 3159
885 2627 947 318 2878 1937
1227 2638 3122 2356 2711 3159 2709 1308 2356 2711 2014 3159
628 75 2105 2154 1724 465 574 2985 3159
693 1460 751 534 3159 1433 2999 1990 1691
134 1047 1392 1065 2372 483 2921 1937
2762 75 3098 2372 1974 3159 239 1845 2237 1974 3159
3478 1336 2988 2372 2419 3159 2083 1308 2237 1433 1937


642 689 1460 574 2190 3159 642 1460 574 1472 3159
642 1460 574 2440 3159 642 1460 574 449 3203 3159
642 1460 574 349 2541 1381 3020 1590
642 1460 574 2864 2762 3271 3159 642 1460 574 407 1937
2762 2748 2519 2224 3139 2577 2705 3159
1156 446 156 215 16 230 3159
693 2874 2887 49 1308 1677 1738 3159
958 2874 1990 2735 1460 106 3424 2429 1937
1168 1577 1613 2735 2116 388 2190 885 2711 3159
2644 2116 2440 3159 2544 2116 349 569 927 3159
2372 2611 1217 2116 2864 2762 1665 3206 1590
2762 57 2419 3159 2372 958 3446 564 1990 2447 1937
1233 1460 2103 2038 3159 2963 2638 3238 3396 3159
958 2103 2180 3159 2762 2711 1910 1233 1419 1937


693 2709 1168 1065 885 1753 1168 2043 2180 3159
2862 68 2372 1632 2638 924 2713 2532 3159
2762 1632 2139 1875 2116 1168 1577 2083 2698 3159
2862 446 2335 490 2963 1577 2372 1535 1937
416 229 1990 1308 885 832 528 2372 2347 3159
628 1460 2222 2372 1598 1677 1632 2224 932 3159
1990 1507 3159 1432 1140 885 2711 453
2116 2963 3159 239 3364 1168 2519 1732 1989 1937
2638 580 1308 3293 2711 1336 1729 1237 3159
381 2963 1677 1632 3364 1168 2531 1732 3454 3159
3286 1582 814 3288 2709 1990 430 3159
1956 885 1724 1168 1577 3159 1956 885 2467 1462
693 1046 1433 2902 2963 1316 2139 1018 2118
2638 3238 3206 1110 3159 2762 944 1990 1979 446 1308 1937


1433 2999 1990 1081 3159 51 2638 924 723 3159
795 2119 993 3159 1433 44 2873 3159
2351 1762 2237 1577 885 2711 3159 2541 1872 2619 1590
1168 2017 1336 2711 3159 1168 967 1460 75 1623 1937
2862 1611 3032 1081 2139 755 1460 1535 1052 3159
3367 1460 2963 1990 598 1979 1168 2603 3159
1460 2188 2017 3159 3037 592 316
1613 1415 1460 3126 2762 2045 2762 32 460 1937
693 2861 1460 1168 1750 2889 122 3159
2963 1460 1168 2873 1626 1577 1746 1789 492 3159
219 1168 1627 3159 624 1168 592 2798 3206 3159
1168 2017 1746 1314 1764 3159 693 2398 364 1937
439 795 3401 125 1732 1168 2072 707 3159
1227 1168 1626 3176 2439 1308 1168 2444 1937


1436 2963 1724 1995 885 3144 3159 2762 2083 2709 1670 3159
2963 2709 1308 2709 949 3159 1436 1910 2709 2444 3159
1527 1662 2156 3159 49 2404 196 2093 3159
830 3159 3479 3159 2762 885 1798 1523 1590
1436 71 2709 2153 3010 144 3159
2762 993 601 1977 2489 442 3159
3391 49 201 2762 2755 2372 574 3207 3159
2156 3159 693 3292 2372 574 3477 1590
3381 1312 1613 885 559 1626 3159
2541 885 446 2043 3159 446 3427 1081 2762 2467 3159
693 1227 2963 1312 1336 565 2161 1707 3159
670 3443 543 3139 2124 1590
2862 2899 884 113 180 905 574 2369 3159
1297 2963 712 3159 1500 3018 2307 2116 2920 1937


439 1626 2762 636 2720 2638 1419 874 3159
239 795 3402 1460 1252 1793 3159
1732 912 2982 2372 1168 529 3296 1462
3286 1460 1582 1452 2720 2638 1168 2912 1220 1462
2963 1778 2963 2570 308 2372 1168 1639 3159
1991 2555 1121 3281 3364 1168 2562 2208
598 1178 3159 693 1460 2688 2372 266 3159
440 1168 3296 3159 1446 803 3020 626 1937
3286 1582 3053 1724 834 1000 801 3159
239 2862 574 1981 704 947 2419 3159
2815 427 837 1732 271 2748 1018 3159
2762 958 884 718 885 1092 3159 2963 3438 3032 1507 1462
3396 1135 1991 2669 967 2208 2372 2103 3245 3094 3159
1068 2854 2710 1732 1434 3139 2094 1937


642 1915 1168 1588 1613 1188 3159 642 1456 3159
642 1915 1168 1376 1613 1188 2762 2744 2562 3159
323 1376 2762 3350 49 2168 2372 2611 2762 1917 1590
2638 2591 3350 144 3159 2963 885 2419 1172 1590
196 3364 2969 2372 2399 3154 3159
670 3284 2083 3206 516 2781 1590
1433 49 834 484 2963 1460 2419 49 1864 3159
885 89 350 3159 2762 2862 723 884 1848 1937
439 1863 2073 2921 1136 1325 1565 3159
1227 795 401 2065 2024 3139 2017 3379 1462
439 1863 1385 2130 2638 1413 2180 3159
1227 2638 2540 1880 1004 2372 958 1168 1140 1462
693 2709 1308 1433 3159 1990 1577 2419 1460 790 2757 3159
196 2638 2016 2532 3159 2532 1613 1168 275 626 1937


439 795 2179 2224 1677 703 1734
2489 2419 3159 1688 2372 1765 746 1462
1582 3177 1724 1990 2378 3159 1582 824 1639 1864 1462
1582 2158 300 2914 3394 1462
2762 944 2103 3355 1725 2547 482 3355 3159
294 887 2530 1336 2036 1428 3159
3127 3121 2194 2372 1609 3159
795 2085 2909 2943 574 3153 569 1134 1590
944 2103 951 1365 1874 885 2711
693 1643 2372 1530 3159 2762 2893 3408 3159
2862 246 2762 3139 1545 1300 3364 2419 3159
2762 2638 2180 3159 1392 2319 49 3188 1937
624 1227 1436 3062 3159 2539 1336 1433 3110 3310 3159
2963 63 2136 3107 3159 3074 1164 2736 1937


2489 847 1724 1990 1734 2278 1460 1370 3159
628 2823 1992 1991 2433 1460 958 3139 1493 2208
2224 448 3008 2372 1188 1460 2748 1199 1590
2963 607 1886 1033 2762 953 1336 1934 1937
944 2673 1642 2372 2319 3159 2673 2750 1500
2372 863 1080 1460 2327 2762 1460 162 3159
2024 1419 2711 1305 482 2938 364 1590
624 2489 574 1394 2796 507 1598 2815 1436 1054 1590
2673 2889 1990 878 134 1522 1291 3159
2673 266 2536 2437 1460 2633 3159
1436 3242 693 1626 3159 693 2866 2372 1217 1590
715 2943 847 3159 847 1561 2372 958 834 1937
944 1874 446 3333 1762 3159 2762 847 2180 3159
196 1336 2592 1117 1990 1336 2874 2889 34 1937


1241 2568 780 2889 1990 1391 3159
1626 2414 3159 3303 2490 2638 1753 1168 1626 2963 2773 3159
1227 1308 2489 1677 44 306 2118 1945 564
239 3364 1168 979 345 2862 519 2625 3159
1460 1677 44 1816 2638 3226 554 1567 561 1937
253 1990 3068 2862 1168 8 3159
2762 896 2372 3489 2229 2587 1168 3411 3159
819 2814 3364 1313 2889 3389 3159
106 3217 251 3159 2946 1291 1634 1590
3181 2673 2813 3159 2673 1291 3159 2229 2587 2372 323 3159
2762 885 3139 1987 2229 546 1168 306 3159
693 2862 3139 1826 1460 564 2372 958 3139 2936
243 1075 1679 1934 1088 885 2441 1937
2611 1080 1990 1646 3159 944 1990 1670 2024 1507 3159
693 1626 3159 624 2412 446 2229 2587 2489 2419 1937


2815 924 2638 3 2963 2638 2802 1433 216 3159
885 570 2372 2963 239 1096 2419 958 1168 2921 2118
1293 2638 1168 1113 3364 642 1426 1655 3159
1270 1168 1995 885 3192 565 3015 269 2118
112 724 3 3159 2762 2895 2341 3159
1460 2744 3013 3355 1433 2615 3272 3159
3062 885 1061 2963 1732 1168 1430 1742 3159
2762 1096 1168 1414 323 1472 2762 66 1937
2579 593 3 3159 1677 44 1626 2873 2859 3159
1227 3355 1724 1305 467 374 1611 3159
1227 1305 3159 3206 324 885 2586 3159
2762 1419 346 244 321 3394 1937
1554 1677 1577 1718 2048 2116 3355 3031 1632 3159
1433 2638 3305 3139 2937 3159 2762 2888 2854 1937


3286 1622 3 1582 2999 3206 1168 2357 3159
2862 1168 893 2372 149 1460 2072 561 2118
323 149 2762 2072 3364 1677 1577 2335 1590
1433 2720 2638 554 3159 2762 3377 618 1590
1419 2439 3 3159 3122 2638 1308 2027 1915 3159
569 149 2505 2139 2412 1336 3139 2412 1858 3159
2072 2139 3322 3159 427 149 885 3295 1590
693 2429 1613 2429 3159 1227 1702 588 569 2118
1899 2065 2505 2139 266 3159 3122 2638 3206 655 2118
952 1308 754 1433 3159 4 3209 1460 2419 3159
885 1419 1934 2727 2983 537 850 1590
2762 885 3206 123 2372 2309 944 885 3206 1937
416 2709 1168 1284 3 3159 1990 2557 2419 439 3159
885 1419 1934 2237 216 2636 3159 196 2065 1696 1845 1937


1677 1577 1613 732 2541 2611 1235 1460 3026 3159
1990 1577 1308 1917 3159 2541 1917 2452 395 3159
2963 1577 1613 851 3159 1740 2036 2056 3159
2509 1778 1732 2783 2748 2815 1937
50 1577 2547 2619 3159 2762 416 693 1460 1370 3159
628 1990 2547 2432 885 2496 446 1336 1677 1430 3159
196 666 1460 482 2459 1732 3062 3159
2762 2453 2833 1071 1460 2936 2372 2207 1639 1590
1308 2963 559 1613 1917 3244 1845
2116 628 2833 228 573 2889 2803 2217 3159
693 2963 1196 1755 173 2748 786 3159
2762 1452 1601 3432 1434 574 2669 1217 1937
3367 795 2833 3159 1990 1461 170 1677 1778 1590
1899 1990 335 1308 3110 847 1336 1677 1655 1937


61 1582 1232 1677 3 1813 665 3159
2963 57 790 2003 885 2444 2833 564 3159
3223 958 2146 1613 2372 2611 2270
2116 628 446 2224 1677 1570 266 221 1937
3286 62 2711 1308 1227 1990 2139 2611 3032 2933 1462
2136 1460 2592 921 2762 1611 1185 310 3159
2963 2485 1677 826 2925 1811 3159
2729 1677 945 3159 2762 420 2711 1941 1937
3242 446 1308 452 416 355 885 1475 3159
885 387 908 2963 2219 2547 516 2118
2862 885 2139 75 1916 1677 2487 249 3159
2116 2372 2592 144 2762 2592 734 885 364 1937
2762 2611 3159 2727 2611 2116 1460 1677 1800 3032 679 3159
2592 1457 921 1696 847 3159 628 847 2136 1460 446 1937


885 2711 1092 1005 847 1702 3032 3206 2158 3159
2862 196 847 3242 628 1047 2592 1052 1990 1424 3159
790 691 2592 2072 1762 1590 2473 926 3479 3159
1724 2489 2907 3480 2473 2157 569 564 3159
2473 491 461 885 1839 887 1069 3159
1460 2324 2372 336 1724 1990 1864 3159
2473 1992 1870 1460 2473 2365 1914 27 3159
381 1047 1990 264 847 1961 239 944 49 164 1937
1139 944 1732 2072 795 1329 8 3159
1753 2489 3139 1464 3159 2762 2139 3336 1566 3159
1433 2592 1626 162 3159 239 2407 1762 1732 3389
2224 2071 3159 2762 2532 1052 2351 3206 1749 1937
2862 832 2372 239 3159 234 2103 2638 1882 3344 3159
2681 847 3242 2063 2547 427 246 698 1937


1478 1308 1677 1577 3206 1538 1017 3159
2673 1677 3490 196 803 1093 2444 3159
381 958 1722 1677 1502 2762 1533 3206
885 106 3159 2372 106 3159 1762 790 3159 2762 1789 1433 1937
2294 1613 1677 1577 1824 3159 615 2294 3159
1762 1084 1460 1518 3477 3159
3367 1677 1800 885 742 1405 3159
106 1199 1644 3159 63 947 2964 1937
1092 3159 2294 3159 2762 723 3159 1613 958 1677 66 3159
1092 3159 2294 3159 2762 723 3159 605 885 75 1125 3159
2762 1460 2103 2603 1613 1677 2925 3272 3159
2473 69 1460 106 3159 239 1374 2767 1170 1937
1092 3159 2294 3159 2762 723 3159 1724 1425 3351 2038 1937
239 2473 2657 1845 3159 1702 455 478 1460 106 1937


628 1460 897 2372 1777 3355 3159
1990 1507 1708 2372 3428 603 3159
2762 2072 2555 1401 2158 2637 3159
1460 266 2372 400 698 3159 2762 636 2122 3159
416 1460 2486 2372 1626 427 2429 3159
2372 8 3159 2372 1060 3159 2372 3276 3159 2372 1052 3159 2372 509 3159
1990 1507 574 1183 1414 335 1724 3320 3159
3392 790 2850 196 847 2389 1845 1937
1433 958 574 1533 49 693 1869
2372 2103 50 3355 3159 958 847 2754 3159
2762 2862 1436 942 693 1336 1066 3438 3159
1436 2229 1308 1472 2658 2592 2270 885 3062 1590
2862 3077 239 1845 1580 2874 1360 1639 3159
1724 3438 885 878 3159 693 2282 1041 885 266 1937


1308 2532 1457 1316 3159 2673 2173 2299 3159
2372 797 1602 3159 2612 3364 884 885 534 3159
3032 944 2026 2372 1677 723 1577 2884 3159
2200 196 397 885 2879 1921 1937
3138 2277 2224 2833 2245 688 3159
2762 2296 2756 889 574 1457 672 3159
1497 1845 2553 2404 2713 3159
2762 2411 1818 2870 2372 1371 1882 1937
1845 1336 744 2372 2103 1910 1684 3355 3159
1677 1577 2017 1961 3159 2762 2441 885 2711 2443 3159
381 2985 2372 1934 3044 1081 1460 2103 3189 2637 3159
793 2065 3450 3407 3110 2762 1395 444 1937
2762 2638 1460 2103 3131 430 1168 1487 3159
628 872 569 3476 2762 2970 2372 2061 49 3272 1937


1046 1460 741 2963 188 2351 280 3159
239 2224 1308 1797 885 2419 1677 723 855 3159
1046 2619 885 570 3159 1582 1845 885 30 3159
2963 2351 1756 1677 1577 3159 624 1168 2669 1190 2118
1314 1626 2510 3159 693 944 795 1671 728 3159
1990 1022 1555 278 1915 3407 1392 1759 3159
844 2139 2158 1199 2158 3159 2638 2532 3159 1990 1535 3159
3392 196 628 1047 1990 1744 1168 1092 3296 1937
1433 2963 2498 1577 1460 44 1961 3495 3159
1568 1308 1928 2762 130 2372 1882 3159
2673 1096 885 1480 32 1623 3159
693 74 2392 2862 3252 3139 2660 3159
1932 2068 2517 2372 1577 1611 311 3159
2815 3355 2762 2401 1409 335 2444 446 698 1937


3286 1702 1915 2963 1990 2547 1110 2372 967 3159
2541 703 1874 1677 2958 885 451 3159
196 3346 2921 1990 2489 1677 2043 1040 3159
196 2489 1677 2299 239 1460 1168 1658 1732 3454 1590
2963 1613 1677 2258 2372 1577 3159 1227 1990 1724 40 3159
795 1934 2963 2558 1990 112 868 3159
652 885 2623 3159 1308 1336 2623 2417 3159
1433 2963 1677 2043 1011 3083 2862 1677 185 3159
1702 1511 2541 1460 1677 1985 2374 3159
958 2475 2963 3332 958 3027 2372 3397 3159
2963 446 2024 1433 2606 3206 823 3159
885 2356 2862 1314 958 1168 1006 2372 275 1590
2862 1314 2103 413 1265 1990 1295 3159
3316 2638 1677 1793 3159 1460 446 2638 924 1677 958 1937


2569 2539 723 3159 1990 1724 2236 2522 2762 1611 3159
2762 2930 1677 2043 2797 885 1730 3159
2123 2532 1457 1627 3159 2283 1653 1582 1613 1910 2669 3159
2930 2158 738 2372 3054 2619 1937
1910 723 446 1613 3159 2963 1990 1724 942 3364 149
2607 2762 78 1590 693 905 958 16 3159
2874 3064 2690 1677 967 2946 1188 3159
2762 2307 1481 3194 2419 1677 2429 2372 1577 1937
1845 958 1613 465 3159 1724 1582 2999 1724 2139 932 3159
2532 948 1990 1702 2611 2083 1100
3364 2162 143 3159 885 1476 803 1028 1005 3159
1032 1460 1577 3159 885 3028 1990 1260 1405 1937
416 1554 2711 1417 3159 1328 1677 2861 526 3159
3392 885 1168 1794 2762 1910 1910 1097 1658 1937


3286 2862 1677 1717 2709 847 1336 1105 1391 3159
1187 2171 2372 1677 2840 2369 3159
2963 2889 1308 2735 2862 1677 1632 1356 3159
2116 3426 1741 239 3426 466 1596 1937
1764 199 446 2963 1677 3296 2284 842 3159
2762 2260 1764 1677 1985 1613 189
885 1582 446 3164 1460 3159 795 2652 8 1590
2794 2711 416 3159 2762 3323 1990 3242 620 3159
2725 795 777 3128 1990 2083 2883 3159
436 2372 550 1389 1677 2613 2161 3159
2139 2450 2963 1990 2083 774 2421 3159
2673 1330 572 885 2300 1648 1937
2794 2711 416 2669 1005 3159 2762 1990 1118 1361 3159
3392 2963 2592 2794 1613 2658 885 3405 2711 1937


2592 1577 2762 2794 1732 104 1829 2495 3159
239 2686 794 663 490 1677 509 3159
2862 1582 52 1990 1527 2831 2711 516 624 3020 3159
1433 847 363 1677 765 3159 1677 275 2463 2118
847 49 1677 958 1948 3159 2762 1990 1022 2821 3159
885 1979 1677 2974 2762 1533 2489 2592 1778 3159
1670 2142 885 2711 3159 2673 1990 885 1670 1437 3159
2963 1677 285 791 624 329 2011 624 1263 1937
1460 1433 943 25 1990 2030 958 52
2372 2156 569 2529 3159 2963 1677 3108 791 3159
885 729 2762 885 412 1101 49 1590
3304 439 1336 1677 893 1990 2709 3348 1937
847 49 1433 341 1460 1677 354 311 3159
2963 958 1948 1714 2407 49 698 1937


381 1990 877 847 3159 2532 1052 1613 1460 1677 1237 3159
2762 2963 239 366 2711 885 1488 1421 3159
1732 2448 3139 1038 3159 2762 1613 2598 745 3159
691 1517 3159 693 2789 1613 947 1590
2862 446 2139 1409 403 885 833
2372 456 3159 2372 1312 3159 624 3469 239 446 1732 2049 3159
2372 3139 2206 2287 2224 2165 2139 2448 3159
2673 3139 1457 980 107 1582 446 1732 1940 1590
2862 1227 446 1507 3429 624 1070 2377 3159
1323 1626 579 624 212 1380 3159
1283 3159 624 96 3159 597 3159 624 3448 1590
3249 3159 624 2778 3159 446 3005 1598 885 2592 1649 1937
1368 2372 2611 3159 2852 1336 847 3159
1677 1910 723 1237 780 684 2532 3219 1937


624 163 1732 1677 1237 2016 3036 1336 847
2883 1088 1386 2841 2103 2360 2118
624 163 2999 1990 1915 2532 1052 2297 723 3159
2762 2963 2592 1577 3056 446 2103 2425 2118
885 1419 2372 2189 3159 2762 884 90 3159
790 2480 196 2592 1626 2043 2169 3159
1571 2748 765 3282 2429
196 2474 196 2287 885 3139 3185 881 1590
3286 2539 2068 3159 2539 2360 1460 1677 1517 3159
2762 1677 2968 1237 1910 3116 505 446 1088 3159
2532 1052 516 1920 1582 1336 3139 1694 1613 1806 3159
2762 885 3139 1442 1732 443 902 1937
1227 446 3206 3065 3159 2539 2732 701 3159
2963 2532 1052 3472 446 2762 1732 1047 2971 1937


834 945 2963 1990 2219 1724 1415 2709 3454 3159
3392 834 2963 2209 1990 2024 1308 1577 847 1711 3159
944 416 1677 1044 2589 2139 2069 2110 3159
1677 1910 907 2958 1746 3311 2193 2990 3159
693 1281 3355 3159 1740 2871 454
2678 1460 2201 2227 3159 2762 2603 2295 2372 964 3159
802 2269 2072 3159 826 1257 3165 3159
3436 2613 500 885 1474 2372 1815 884 1590
2569 2110 1499 2372 346 3218 3159
2921 1990 1308 416 1915 569 1845 1990 1577 847 2429 3159 569
628 1990 2547 901 3407 1454 3159
87 2348 3159 594 2372 230 2118
1577 1613 810 3159 416 2921 1990 1308 1915 1433
885 1554 907 2936 885 2963 239 1762 1732 707 1937


1478 2711 1308 885 2472 2372 723 500
1087 2746 3159 1577 1613 1308 1577
239 3119 628 446 1242 156 3159
624 2865 1336 876 885 1169 1937
3286 2139 3159 446 1613 803 2516 3304
2963 2017 3364 2642 2762 1613 1702 1975 1581
446 1613 3021 885 2748 1106 3388 3159
1740 273 3260 3159 752 3139 2172 3206 1844 1937
44 1308 346 3061 3159 2541 3368 1526 2762 1631
2235 3139 1440 84 988 534 3159
1577 3119 1308 1336 3139 2942 1495 2762 204 3159
693 148 446 947 3392 885 2959 2372 1921 1590
1227 2103 3206 2692 2762 490 2711 3194 3159
1990 1702 1415 3159 2673 2139 1585 1789 2168 1937


2843 2711 780 3159 2963 1990 1724 2255 958 3159
1156 1990 1746 2592 2968 3404 1721 3159
2560 490 2592 3390 1577 885 1295 3159
557 958 654 2709 1288 2711 278 905 278 3159
2963 1990 1724 3497 1734 1336 3260 500 3159
2762 2685 885 3355 2592 1457 2696 2011 3159
2963 1990 1724 848 177 885 958 3040
239 1746 477 2711 3415 2489 2592 2377 1937
2892 323 1677 1801 2762 484 3063 3159
2762 3364 652 143 1347 3159 1039 3159
1011 2711 2235 733 2372 2592 822 3159
693 2281 1308 134 2711 1460 2592 1024 1272 1590
381 1677 3294 1416 1990 2889 2821 885 685
530 2762 3176 2372 2592 1577 1937


795 196 885 1419 50 948 2611 258
1336 1104 1243 3077 50 1442 2518 3159
196 885 1557 50 1448 645 3159
3077 3143 885 3233 2935 628 3077 904 1937
3392 1433 2016 907 2372 2592 434 2398 3159
885 774 2701 2889 1990 2492 1677 115 1581
2762 429 2372 725 1739 2688 2372 1693 3159
885 3206 1851 2681 2963 1611 2547 723 3493 1937
780 2855 1460 1577 3263 2243
2651 2963 3242 1308 3159 1054 885 3350 2713 3159
2762 838 885 661 2918 1140
239 1496 2372 3457 335 905 3020 3206 128 1937
693 1764 1990 3239 2762 430 1957 723 3159
2639 2949 1934 2963 1433 1586 429 2372 847 1937


1582 436 1724 1990 183 2372 2922 853
3403 2489 576 2626 196 811 2235 3159
2631 1316 885 1298 3159 2762 1298 885 1316 3159
1762 2876 628 1990 264 1677 2043 885 2081 1462
1582 1233 484 2224 1677 967 26 3159
2725 446 2224 15 446 2043 1433 954 1702 1462
439 1724 2532 3438 947 2372 574 647 1734 222
1460 1547 2372 2103 2504 2867 1462
3286 1154 2372 3020 3159 1845 1990 430 723
2963 2735 1613 3159 905 3464 1762 2930 2735 1937
2762 825 1577 628 446 1613 2645 375
2199 3261 2116 134 1047 3159 2611 2613 3159 3018 849 1937
1433 1990 112 2166 885 1677 2793 3159
2762 2948 905 411 1685 2611 2116 1990 1724 3272 1937


2963 847 3242 2454 24 1161 2711 1845 3159
2762 2862 2963 2724 3159 239 1990 416 2889 2054 3159
2505 1022 1990 990 1677 1859 2159 3159
1983 1677 963 3242 2061 624 225 458 1937
2862 1227 847 3242 905 1677 1786 1975
196 1990 905 2333 3159 2896 2784 2271 2372 3355 3159
2762 1990 210 1724 2139 1445 1844
885 2183 439 2454 1990 389 1460 2592 1803 1937
3286 2963 50 3448 2372 1974 2921 1724 2006
1677 2041 791 3159 439 1520 723 2724 996 3159
2762 2205 885 847 3159 196 847 885 2711 416 3409
1214 3313 3159 239 553 447 17 1462
693 2963 2592 3199 1845 2214 3393 3159
2532 2923 2333 3159 2762 2333 1022 3500 2711 1937


2539 2735 885 3206 473 2116 473 2781 3159
628 1308 885 3206 3159 2284 1769 2372 2016 3159
2762 274 2705 3140 3159 239 1613 1433 1848 3159
1308 905 50 539 3159 693 905 2156 569 1517 1937
2862 2110 1746 2156 569 1110 2980 3438
1554 2787 885 1677 1251 3397 2118
624 3364 1677 2475 2110 49 1249 2856 3159
239 1460 574 2656 2962 765 1582 1990 2421 275 2118
2139 3159 1990 1260 2963 1990 1260 3159 2762 1436 2963 11
134 1677 1905 3159 330 1088 574 1457 3159
1990 2351 3206 2895 2541 1436 2404 3206 3117 1581
905 574 1496 1627 3159 1677 2369 1022 1308 3206 2836
1983 2103 3424 3464 1436 641 3159
958 796 49 765 2762 1460 574 2338 622 1937


1168 1230 3159 1168 2979 3159 49 2235 1677 3327
907 408 1336 1976 1399 3159
239 2999 16 2963 813 1496 2415
3328 958 1294 3392 885 2035 1937
624 134 2222 3159 1433 216 196 3327 2762 967
1724 45 905 1985 885 3255 3159
2657 1555 885 3413 3069 2502 3139 2448
2372 2419 3159 1168 548 1702 3032 3206 3198 1590
2963 3189 203 2024 1308 1433 2727 170 3159
2673 229 1990 1201 1168 2669 1577 885 2786 3159
3367 885 1554 1598 2489 2711 2547 1990 1521 3159
885 359 834 2979 2963 2655 2419 2611 1590
885 1673 803 2577 885 3420 2419
3242 885 1128 716 1460 2711 1937


2139 1462 3355 3159 2638 3131 1308 2447 2963 1990 2709 2603 3159
1168 2108 2645 1088 1336 2162 2921
885 2711 49 1314 312 3159 1314 460 3159
1436 49 693 1234 2372 1883 2377 1590
50 2807 49 2942 3159 2762 3367 3077 2383 3159
1582 2638 2720 630 490 2991 2963 1613 2158 3159
2762 41 1419 1598 2063 885 50 3383 3159
2116 2421 2963 3077 2219 1724 2694 1598 1726 1590
1168 1429 2762 2419 1990 323 2737 3159
1308 1770 134 2348 3159 2673 2628 3159
2862 1168 2992 3159 2762 1582 3077 1507 1732 3454 3159
2930 2611 624 1917 905 1168 2097 827 1590
2103 1990 2709 36 2762 2103 2999 1789 3206 3159
1990 2083 3206 723 211 1168 2937 2762 2419 1937


1227 1677 2669 1577 3242 693 2126 2372 1140 3159
446 2921 2862 483 469 3206 2893 3159
196 870 885 346 1577 624 885 346 1272 3159
2920 2053 2920 3159 624 1080 1336 1080 2427 1937
2139 446 2547 2880 3018 2489 1809 3159
446 3410 1308 1460 2400 3398 3159 2673 1173
990 464 2372 3087 2423 3159
557 104 748 3355 50 1309 2831 1590
446 1316 1308 2855 2963 1919 3159
239 3164 3364 2111 2372 2653 1495 3159
693 958 2038 2585 2349 2973 3159
2963 446 2673 2199 1336 1357 3159 2673 2574 1336 2010 1937
885 2103 1990 1606 1295 1503 2372 3355 3159
239 2467 2862 3457 3159 1527 1724 3351 2862 1803 1937


1468 1158 885 2711 1990 686 3195 3159
1336 1677 957 1676 816 3159
624 2824 2968 2246 2862 2035 3159
239 2079 2611 1094 2116 3151 624 2435 2118
1724 1990 1308 1864 2106 3364 1409 2762 579
1434 958 3159 2762 2611 905 778 554 2727 3359
2862 59 1626 1581 42 1614 2608 3159
2050 1208 1460 574 1842 3272 2118
2139 3159 1478 2711 3206 1089 1460 1168 967 3159
2762 3396 2638 1677 694 3159 3189 693 1752 3159
239 1613 1308 367 1336 2609 3159 1920 2139 924 3159
693 1144 2113 3159 3427 2711 2862 2419 1937
2636 3159 2638 2163 2133 3159 3315 2299
628 1910 135 3159 2585 2051 1460 1168 2884 1937


3286 2638 1677 636 2510 1527 1460 1168 1995 3159
2720 170 346 1021 921 3139 1021 1612 1590
1527 3226 905 1599 1601 3159 2762 3377 2247 3159
1168 257 2556 3159 196 1168 1626 2043 2825 1937
1227 1985 1991 2464 7 1760 259 2208
196 2638 1887 1965 1762 2083 507 2419 538 3159
2359 145 2419 885 2103 354 3159 2963 2833 1472
2351 3355 1941 3159 2762 1233 772 2716 1937
944 832 2833 3286 2638 3145 2372 2833 2705 3159
2359 2351 690 3159 693 1308 1762 1673 2833 1698 1462
2833 836 1991 2541 2149 2208 2289 1022 3206 3159
2762 2833 982 1613 885 2113 2419 1937


1460 3492 1882 3321 2547 1308 2267 1092 3159
624 1227 446 3242 446 686 1308 427 3296 1590
693 1845 1613 3321 427 1528 357 3159
2762 2072 2394 1336 472 251 3159
2862 381 1555 8 2224 448 3364 601 1995 3159
58 1143 1336 2263 1110 1796 2873 3159
1626 2072 2224 2139 3296 2139 1748 2545 3159
693 1613 1971 3159 1227 1308 2150 1460 1941 1937
3367 1677 7 569 3438 49 566 3321 3159
2833 3438 1433 3422 3159 2762 1436 1387 2237 3159
134 790 1527 1308 2063 1092 2139 2072 2282 3159
1831 1750 1336 2641 1742 3159
944 1433 1436 2906 2044 2372 574 1974 3159
2963 2748 1778 1416 2072 1746 2136 1433 1937


439 3283 628 2638 3159 1677 1755 3159 1755 1888 3159
490 2963 954 2196 1740 2071 3213
1336 1168 1626 1418 628 2638 1315 906
1697 1821 2963 2532 494 208 3159
2709 1990 3205 834 3267 2963 2320 2264 3159
885 882 398 2198 2372 1168 8 3159
2725 1677 3189 1526 239 1746 2963 1253 165 3159
134 2408 2167 905 2419 3217 3389 1937
885 3206 1433 2758 1436 335 2603 574 1140
2762 207 1336 834 3179 2325 3159
3407 3028 1168 1418 263 1336 2744 1820 3159
2555 698 2196 2611 2984 2116 971 1526 3159
381 766 3267 1433 1956 49 1460 2103 3159
1554 1598 1168 1418 3159 2711 1168 1526 885 882 1937


104 442 2372 855 1460 1098 2372 251
1613 333 1460 599 3159 2762 2657 599 3159 333
1613 2064 3159 1215 3159 237 907 2372 62 3159
2975 3159 2390 3159 2944 3159 182 3159 1308 885 359 3159
1556 2139 2500 693 321 2895 3159
2811 2069 871 3159 2762 2139 2500 2229
2811 2069 2100 196 600 1146 3159
3364 354 2824 885 1419 2768 2666 1937
2666 1460 2524 2762 1460 1605 1433 3159
2229 3159 57 3159 2762 1460 382 3159 885 1724 2390 3159
1930 1460 143 2762 3194 3159 502 1974 3159
2219 215 1053 2618 3174 1937
958 2103 1948 516 1920 944 1670 1920 516 3159
885 3233 105 2963 2062 796 885 2103 811 1937


1677 7 569 3438 49 1314 795 3075 3159
2042 1613 3018 2611 2813 3159 2116 2833 1526 2813 3159
1227 2382 3206 1291 3159 2110 416 2833 131 49 521 1590
1227 1050 3206 1221 3159 3321 1221 707 3364 2833 3022 1590
1990 1724 1864 1212 3211 3159 2813 2762 1291 3159
693 2139 790 1212 1507 1990 1460 2833 1631 3159
2762 1460 642 1870 1613 1611 2611 1217 3159
2116 1460 1484 2963 2489 1677 7 1119 1937
1990 1577 885 234 2833 570 3159 944 516 1990 1979 3159
2963 1755 2224 1996 2611 1640 1240 1590
1990 3250 1990 1702 264 2250 1488 3159
1677 7 628 2359 2002 2593 3364 1211 1937
2762 944 905 2861 1990 2421 1677 1577 196 1516 3159
196 1305 2359 475 1336 1110 583 1937


2638 924 196 1192 3159 1433 196 2638 924 3159
196 834 1740 2266 3105 1419 1598 182 1581
2862 516 2638 1001 885 1677 2669 313 967
2638 924 3428 2762 1910 1747 3284 1937
944 1460 275 1107 642 1915 2963 2419 1580 3159
1168 2873 2224 1308 2009 885 1419 1577 3334 1581
885 1915 1436 552 3159 1990 1160 1308 3206 1433 1521 3159
752 1990 608 446 885 1677 2043 2038 1937
2762 885 3206 2127 2963 1613 1308 1110 1990 608 3159
3023 1700 693 3326 3364 1168 2873 3159
106 3364 2646 55 2709 1606 644
1168 3321 1613 3186 1460 1677 1877 1623 1937
1460 1314 924 2638 3321 3316 1460 1168 2369 3159
2762 1764 2103 120 196 1990 2421 2718 1937


1535 3438 1990 1577 3159 2762 1436 196 714 2711 3159
192 1168 967 2191 2711 1336 2445 3159
1724 448 3364 3321 3159 2762 1097 1387 3206 3159
3278 1336 586 339 490 1677 2643 1937
2762 1181 1308 498 975 2372 2861
2735 2214 3088 1631 2372 56 3159
2673 2963 907 2950 2963 1086 1460 2853
1732 1453 2963 689 885 1873 1149
196 834 3331 3317 3438 2552 1168 2873 1590
3286 1478 446 416 196 516 1059 1168 967
885 2906 2862 2711 381 3317 1732 2419 1376 3159
2762 290 1168 2794 795 1460 2748 2448 1937
416 2083 1990 608 2072 283 1613 3321 3159
2762 958 1436 2626 2963 1168 519 2282 1937


1348 2963 967 2963 74 1677 967 885 3334
2862 2963 14 2230 446 1096 1677 1005 2762 2711 1581
379 1308 2658 885 262 2711 2038 3159
693 3375 885 536 1677 232 1005 1022 3206 2118
2711 2489 1677 2043 1168 182 1052 2224 1844 3159
2762 1677 1328 2043 2638 356 3226 3463 3159
2372 1934 3159 1677 2043 3159 2762 2419 1990 1260 136 3159
2388 1685 1592 780 885 3206 2534 1590
489 1677 967 1460 1168 458 2731 297 3159
693 416 1677 3170 967 1478 1677 3189 967 894 3159
3208 145 2711 3159 1478 1677 967 3206 3139 272 3159
2638 580 1308 416 1880 1137 1460 1677 1964 1937
2762 944 2638 3122 3159 2862 1990 2016 2434 1460 2419 3159
1860 1260 1535 2762 958 2963 1613 1460 2711 1937


1433 1845 1990 1724 3277 2963 2065 1613 1535 3159
2762 1990 1677 2043 1260 2910 885 1168 2083 3159
1677 2043 3044 397 3159 1433 2963 75 2532 3159
2638 3122 867 885 3206 1677 3096 1762 1590
693 2638 3122 1308 3159 2673 2065 2083 1308 3206 1752 3159
2862 2638 924 3386 3159 2762 2065 1613 2294 3159
2065 3046 693 888 885 2933 2862 2711 3159
990 2963 1617 2963 1934 196 540 1732 3441 1937
3488 2372 1168 2072 2638 3122 3396 3159
2638 1271 2963 1402 665 958 885 1880 3159
2762 1504 392 3159 172 1130 2862 1677 1717 3159
1433 1934 1990 1434 2684 1677 24 2460 1937
1934 1724 1990 3140 3159 2638 3226 323 1934 2762 2711 3159
2065 1225 3258 3159 2762 944 1260 1990 1308 1752 1937


2546 2224 2833 3323 3159 2638 3226 1168 2083 3159
2762 569 2083 569 885 142 3159 2762 569 2083 569 1460 3339 3159
2611 2116 2658 1260 1990 2963 3293 2419 1762 3159
885 1168 1626 2083 2555 761 780 1937
3122 2638 1740 2083 1613 3245 2762 3256 3159
1308 2454 925 885 1479 1677 2083 1460 1535 2118
2999 2083 1460 2156 2237 2011 431 3159
2762 1460 1677 2083 2139 1092 150 2952 2118
96 958 3083 3159 944 2284 309 1762 3159
2762 1460 255 2915 885 3139 3423 3159
1433 2638 2016 2036 1460 2083 937 885 1168 2083
106 2083 2372 2532 885 1419 1168 3245 2083 2611 1937
1478 2139 24 3159 2139 1092 571 2716 3159
2421 958 693 106 3159 2762 2711 1460 2963 106 569 2083 1937 569


1227 1168 2299 345 2419 2963 1990 534 1433 2736 3159
608 885 1168 745 2299 2963 1990 2547 1168 569 2083 569 3159
2762 2083 1168 2299 1920 1613 2195 1611 3159
780 3018 2862 1577 3159 1677 1311 1626 3099 1937
569 2083 569 3159 2083 3099 1954 2372 1168 1577 3159
181 3159 2495 446 907 1336 2656 3159 2762 1677 2083 106 3159
1460 884 2372 2968 695 1336 3495 3077 685 3159
2053 284 106 1613 3196 1670 1937
416 1460 1408 1478 2711 1916 2719 3159
2541 1460 1168 560 179 1990 106 1022 3206 3159
2862 1314 170 2711 3159 1433 446 1534 2419 170 3159
2963 1314 2711 3159 1090 1626 885 2419 1937
1419 693 1677 3296 1168 1577 3159 2762 1577 2963 1762 3159
2762 416 2638 1177 2711 2862 1677 3296 1613 2083 1937


2638 745 3061 1577 3159 1582 2720 2638 885 2532 3438 3159
2963 1436 1580 2762 1507 1308 1582 1436 1507 2118
1436 1979 1582 2072 1613 3159 1507 2815 446 3209 3159
944 1582 526 1613 3159 3396 528 885 3206 1937
1227 3438 2913 905 1157 2017 3159
3206 3265 1460 2321 2815 958 796 3084 3159
2110 2372 3438 569 2654 3226 2638 1276 2362 3159
557 3430 2372 1677 967 1613 3200 2118
2110 1746 1677 967 2421 2963 369 48 3159
239 1677 967 1920 797 1680 3432 1623 2118
624 2532 3438 1517 2103 3159 1915 2103 1613 1308
885 448 1092 149 490 1433 2626 310 2118
1460 884 2011 723 1677 967 2762 3438 1724 692 3159
2762 885 2103 1110 2841 49 1436 1845 2583 1937


628 1677 1577 968 2963 2359 1613 2930 2372 149 3159
1990 2709 1511 2833 2541 1990 1979 2359 3209 3159
2963 2359 2921 2421 2711 642 1656 1188 3159
2058 1460 1259 1110 2254 1937
780 2503 3326 2963 2359 2147 2711 1908 3159
752 2359 1920 1677 1639 49 2811 526 3159
3240 1990 377 2833 2808 1778 3159
3364 323 995 780 1613 1614 149 1152 1590
693 352 1416 2359 1308 2359 1613 992 2118
2762 352 1915 1308 1990 2963 1990 1260 2158 2118
3286 44 2429 2715 1613 1460 3026 359 3159
2762 1882 1460 1577 3159 3472 1308 885 1724 1400 1726 1937
3367 1990 3454 1336 2833 3159 2762 2359 1336 2711 3159
2762 1460 50 3350 905 3209 3077 2285 3206 1937


3286 1295 1308 2711 885 2610 28 3159
2963 1168 1786 1430 490 1677 967 3159
2230 2711 1308 1336 1535 1052 693 1336 1168 1778 3159
1880 1995 1336 1995 3159 2762 2512 2711 1308 905 924 3159
364 2711 2638 1177 1124 1581 693 1460 1677 2377 3159
2669 967 525 885 1411 1535 1052 3057 3159
1582 977 2638 2230 1336 1175 628 1168 2921
1613 2611 2116 1677 286 2835 3032 758 2118
1478 2711 952 2419 3159 1139 1677 1577 516 1920 3159
2833 586 2017 1724 1734 2532 1699 3159
2762 3367 2489 1677 2873 2359 718 1677 1458 3159
2963 1436 1124 2921 1290 574 1962 1590
944 2709 1308 1433 3159 693 381 1990 1260 2736 846 3159
2716 2711 1286 1336 2017 3159 2762 2143 1677 2643 1937


3206 2238 196 2638 924 182 3159 2709 1308 2759
1677 1615 1661 1336 554 2727 2445 1590
3042 2724 3192 2711 1125 2762 1125 1756 3159
425 2372 1677 3178 2643 1937
1227 1990 2921 2557 2419 1720 2735 446 3242 3159
2541 1308 885 1577 3159 944 1577 885 364 2711 1433 3159
196 393 429 796 628 574 3395 3206 2736 3159
2139 2164 693 1629 2489 574 2261 1979 1937
2862 1227 1990 1746 1634 1990 1746 707 2666 3159
2762 1460 1677 2483 2921 570 3020 2372 2419 3159
1845 2103 1406 1602 1613 1601 1433 765 3159
2666 1079 905 2666 3241 2726 3206 1937
2963 1990 2351 1308 3206 1433 3159 2673 2638 475 3159
644 1535 3438 2895 3159 2541 1168 1394 967 1488 413 1937


1460 1107 1990 2709 1308 1577 2419 1336 2532 3438 3159
2862 1436 1460 2419 3023 484 2228 3159
693 2539 1677 967 2963 3472 1582 1436 1266 3159
1527 1460 211 2372 1951 1613 2021 885 1895 1937
2673 49 2532 1712 1336 1168 779 1569 1659 3159
2673 2728 539 885 565 1466 2771 3159
2673 1691 3159 2673 1500 3159 3383 885 3206 5
885 1305 1025 1189 1336 2419 2038 1590
693 1677 2508 1277 3159 2673 1677 2508 3175 3032
3366 106 1341 967 2489 1667 2419 3159
1527 63 3137 2601 2372 499 3159
1168 1394 592 3375 2762 1922 828 885 3206 1590
3427 1677 2841 780 3018 1990 2962 1677 2948 3159
2963 2359 2963 74 2711 701 3159 0 2711 2643 1937


1577 1613 1677 701 3159 2762 1168 2669 3176 1272 3159
1272 2372 1677 701 3159 1338 3364 452 1097 3159
3286 693 1336 2532 3159 583 2638 1535 1457 1140 3159
2762 2638 3131 430 446 1913 1308 97 3159
624 1227 446 2709 3159 1308 2489 834 1526 2372 1535 3159
2963 1724 1971 574 2488 3158 3159
2762 1619 1110 654 2372 1577 196 3283 196 2532 3159
1377 2156 569 1382 569 513 2372 574 213 1937
3206 446 160 1990 1577 2419 196 2638 1177 834 3159
3028 1535 3438 3160 196 2532 2961 2419 3159
2323 2794 1460 1168 967 2963 628 446 2199 3159
1168 2794 2351 3220 885 2329 3206 1937
1227 2638 2720 773 885 1724 1582 2638 2720 1479 3159
905 1258 3238 2638 3206 2416 1937


1519 196 2107 504 1236 885 1940 3159
106 2372 2833 2575 1042 1572 2180 3159
2303 3063 2833 994 2762 74 958 1390 1179
1460 2524 2372 949 2359 335 1724 2698 1590
2725 2833 132 2211 107 2833 1460 873 3159
3017 885 1940 2833 1740 1334 52 1613 3161 3159
885 2572 2963 239 899 2219 2833 2873 1590
1308 1131 2833 3189 2804 2423 1581
1433 821 2638 2943 2963 239 899 2489 2419 3159
2725 1990 1168 994 873 2419 970 2618 3159
693 1227 2638 1940 1168 1643 113 538 885 2711 1590
2762 34 1669 2448 3159 882 2711 3159 3206 2294 1937
1433 2083 1990 590 2963 2638 3238 1724 1168 2083 3159
1227 2638 113 538 2762 1677 1133 1048 1762 1937


3331 3472 1990 1724 2372 3096 2762 1634 3159
239 795 3331 81 2709 12 2711 1762 3159
687 1868 1613 499 2011 1092 1590
3482 855 2967 2515 3020 1937
885 2081 2711 2205 885 811 1677 1795 3464 3159
265 1677 2735 1868 2489 1677 1830 3159
2762 335 2913 1677 875 885 3206 1562 1590
638 3139 3221 1336 2833 2626 564 1937
2762 163 2963 1677 1868 3206 1069 226 3159
77 1990 2351 3159 944 1308 3089 364 3159
693 2016 323 2489 2711 323 885 1555 1005 3159
1990 1959 106 1868 1460 2646 811 1937
944 2103 2999 1990 3191 1979 693 1081 1460 1575 3159
2657 1677 765 1868 2330 1677 275 106 947 1937


834 1526 2963 44 1457 8 2889 1419 3159
3466 665 2055 2963 2209 569 1990 1272 569 3159
885 2711 2963 669 2862 2833 1717 1590
693 628 2359 264 1677 140 1140 3159
2895 1460 2833 967 2889 3169 534 3159
2477 2963 1778 2963 1789 1626 3159
2547 293 1460 317 2744 1921 1590
2762 3056 446 780 375 885 2496 1590
569 1990 1272 569 2359 1872 1336 803 932 3159
2963 3079 446 196 2744 278 3159
1732 2572 3448 1527 795 361
2489 2861 885 811 1613 2805 2180 1937
569 1990 1272 569 3159 2489 1272 2180 2359 1968 3159
2762 1879 1677 1632 856 569 1308 847 569 1937


3189 2299 2249 2372 1677 452 950 3159
1677 452 950 2874 804 2828 3431 3159
2110 2720 2638 3102 2235 2762 1420 2057
1205 1168 2401 835 1433 2375 1115 2118
2110 1433 3245 2074 57 1433 1094 966 3159
2720 2638 490 1168 2733 2410 1023 2118
2999 2571 223 2372 2103 1904
1679 1088 1168 417 2118 1613 2103 1168 449 932 2118
416 2299 1081 2638 490 1168 789 2988 3159
2762 1478 2963 3102 885 1897 1168 3423 1581
1010 2067 728 1460 1427 1495 2372 1403 1581
2235 3206 2292 3159 941 3206 2036 2139 2611 3159
1433 2999 2638 567 3364 2441 3159 2963 1966 3364 796 3159
2762 2441 2454 698 3159 2428 2139 2611 3167 416 1937


1677 1577 1613 196 2352 2184 1762 3159
2862 2963 239 1875 2885 2872 3159
115 3364 2963 239 1732 934 2046 3159
104 2501 1404 948 885 1534 1590
1677 2069 2336 885 1677 1577 3159
612 2963 3139 915 49 1308 455
2224 877 2711 3159 2762 1990 409 1845 1153 3159
3383 1613 2441 3159 239 3120 2889 2537 1937
2811 3405 1990 1260 3159 1845 2069 1613 2811 52 3159
2762 3352 1336 338 405 3159
1677 1627 2762 1677 1935 196 2666 3446 49 3159
134 2549 2489 65 2503 3320 1937
2862 1990 1724 1194 2419 1092 3159 2762 15 2419 1541 3159
1527 924 196 3321 196 811 3159 196 824 196 3448 1937


3286 2711 1462 1582 3438 2224 1577 448 1460 1677 3022 3159
239 1724 2139 2776 1336 723 2377 3159
624 1227 1436 1724 3159 2815 1613 1677 1044 3264 3159
2963 929 743 1582 1436 1507 2052 2118
1227 2963 3206 1092 675 1677 1110 3438 1895 3159
1582 1741 1948 885 1915 446 1613 1308 1433 2118
1227 446 3206 1308 3159 416 1577 1732 516 3009 3159
44 1052 1613 1308 1433 723 196 958 3446 1590 2139 3159
439 3032 446 2118 3286 439 3032 44 1052 3206 723 3159
2963 1613 1433 2317 1336 2620 2762 1336 853 2118
2139 2131 416 2541 1990 1145 1677 1951 3159
3075 446 2043 3337 1308 3159 2657 2861 974 1937
3286 1175 1577 3159 1336 853 2638 126 2711 745 3159
3042 3438 435 1168 2626 3350 1746 430 1937


580 2638 3286 182 3159 1915 1990 1577 2419 1308 3159
628 1990 1369 1677 2043 1336 2419 2770 2118
2709 1990 1308 2421 3364 2419 628 1990 2560
1260 2372 1677 2043 3159 3341 3159 2862 1168 1717 2118
1527 3468 2419 2963 1990 2709 1295 1677 1005 3159
3364 3028 1978 2638 2963 1990 2709 1014 490 3159
1180 1227 2638 3227 3364 2711 2709 1990 1308 1023
1198 490 1677 2043 1336 1360 3114 2118
1582 1190 2709 1990 1460 1677 2043 3254 3159
2963 1613 1433 1394 1168 1814 885 1266 3159
628 958 1677 2429 1732 340 1168 3101 3159
3287 905 95 2372 1535 3438 2118
693 1577 1272 3364 2862 1845 1990 1979 1168 1237 3159
834 2963 3032 1507 2638 1177 3159 2762 1990 1260 745 1937


3286 2489 1582 1995 3226 2638 2103 2779 2921 3159
1336 961 1677 967 885 2484 3159
885 1419 2711 1554 3135 885 1677 723 2377 3159
2762 608 2963 3086 1732 1308 1376 597 2118
3303 3226 2638 2103 2044 2372 884 3020 3159
2963 1460 1392 1713 2372 1168 2369 3159
1611 1613 790 3419 2762 33 2372 1472 3159
2963 1460 1677 1237 1168 1065 958 2429 2640 2118
1527 3056 2419 439 885 1419 2711 1577 2419 2611 3159
2239 1990 234 2762 1507 652 2334 2372 1272 2118
3286 2541 1990 1577 1582 2156 2709 3052 3159
1336 2156 2638 3285 1308 3052 1677 1140 1937
1227 1168 1467 2022 1577 1460 2711 3159
2611 2723 1990 885 3206 3490 2372 2419 1937


1577 1613 554 1908 885 1979 1582 2663 1613 3159
944 1527 1920 1308 2663 1613 2063 2372 1577 2118
416 2744 2012 2518 1308 1677 1141 3159
3042 3248 2372 1677 3350 1168 1626 2043 685 1937
2862 2638 2066 2711 3159 1990 2709 1565
1677 3483 2448 885 1677 2426 449 378 3159
1677 2299 1732 364 1677 1727 2963 2065 2351 3159
6 1460 1577 3159 1076 2760 2139 197 2069 3159
693 2001 134 1168 3296 1732 1783 947 2419 3159
196 3139 815 2542 3159 1394 2372 2103 564 3159
2065 1613 3447 1168 3189 276 885 3206 3159
885 3389 1460 1168 3073 3159 676 905 1168 1830 1937
2139 829 2372 2663 170 446 2963 1990 1295 3159
2833 1577 3159 2862 1740 2669 1577 1990 2579 2762 676 1937


1460 1097 2419 2638 1001 1990 1260 2533 3159
693 2638 924 1604 2533 885 2711 1577 1324 3159
1460 1407 1168 485 1572 2762 2619 1107 1931 3159
1460 2616 2619 1272 2943 2619 1577 3127 1590
693 2110 2372 3331 1754 569 2192 2709 1990 2843 2419 3159
628 1990 589 900 2118 1990 1260 2064 1910 3159
2862 958 1677 2227 49 1754 693 885 418 2419 1590
2762 958 1677 3453 1107 1460 2419 1613 3140 1937
2862 1990 1724 1194 14 1754 2372 1168 14 998 1590
1754 2372 1168 1577 3159 1168 149 3159 1168 742 3159
2762 885 2817 2419 2690 3438 885 157 3159
624 2930 1598 608 1369 949 1436 1507 1937
2862 1990 1724 1194 2419 1092 1590 2611 2064 1990 3159
885 608 1369 65 1433 2626 1972 1937


697 2824 905 3139 1354 2762 2730 3465 3159
3330 2372 2650 2103 2470 1739 3159
2762 3139 2476 2330 2889 2785 1057
1460 2091 2594 2372 2963 1245 1590
239 1796 2489 2103 1748 2330 2372 1577 3159
768 1854 1357 1762 885 2742 3159
2762 1054 2451 419 239 944 796 685 3159
1369 460 1448 2031 3405 1590
693 134 1677 7 569 1052 44 1354 2788 3159
518 2862 282 2505 335 3372 1677 1658 3159
1990 429 673 2446 2372 419 2634 3159
2762 3055 1967 224 972 1078 1937
693 1739 2139 3405 3159 1367 2862 1677 2395 3209 3159
2815 697 801 2619 2330 1581 1677 7 569 3438 1937


531 1531 3236 2454 3465 3159
2824 905 3139 1830 3139 632 1354 3159
2725 1863 1 2963 1918 775 1632 885 1673 3159
172 667 905 3159 693 1460 2833 2494 8 3159
3428 3212 3406 1088 2963 2330 3159
239 1863 1008 2372 723 2084 2229 1827 3159
2762 1433 428 2372 2365 3383 3159
2547 2371 905 1264 8 931 1937
2103 1354 2359 2886 1460 476 516 905 3159
239 2489 44 2330 3406 1357 1138 3159
2858 909 2762 680 862 3159
2862 796 506 3159 693 1990 1677 7 569 479 3159
172 1611 2862 3405 2762 2103 905 2963 1990 685 3159
44 2330 471 3083 3159 3083 1195 1308 1577 1937


