2168 1935 2128 2764 3064 1994
474 2326 3158 2758 1281 2362 780
832 2977 210 1315 3365 1959 282
1107 2733 835 1281 1445 1107 2209
832 2238 165 2201 2051 1923 2935 2191
424 759 1513 40 661 1833 1790
2931 2206 2650 1100 2434
759 640 759 2908 2201 759 774 640 1068 633
2238 474 2319 1707 2109 824 3056
2836 2938 663 2201 1627 465
1563 2051 1923 2891 2333 759 1612
2836 2733 2769 2268 2302 696 2394
3265 204 2827 219 2925 784 3100
2201 116 2109 2327 3365 2108 2836 1906


2259 2180 1679 64 2383 759 2629
2836 1381 453 1440 696 759 3158 596
759 3039 438 871 95 2220 73 1707
3237 3100 1078 1498 1869 2065 2178 2840
1317 2648 855 2650 2130 759 2150 2434
2650 2130 2134 1869 759 502 42
2201 1866 1563 2051 1923 453 593 2191
2349 3427 422 3030 2836 2984 2493
1584 717 255 2493 2183 759 3158 65
543 2238 2334 1276 2925 2271 3123 1869 1272
64 3096 718 2896 2836 144 718 3045 1645
3122 1107 2150 3365 2027 2051
2925 2349 2201 3100 3111 3336 2259 2238 2319 3045
2836 1750 759 218 2148 2259 2238 1659 842 2677


1215 696 759 467 2836 3085 495 2238 2210
1707 539 2390 474 1810 1315 108 1228
437 824 2021 543 1707 2238 1325 2066
2238 446 2579 204 2583 1672 161
2804 2650 539 3149 95 2271 437 435 330
2639 2805 1869 759 1356
2827 1106 539 3460 95 3212 3237 3100 1572
1869 1107 184 2201 792 3175
2238 2319 759 849 467 2836 3149 696 1906
2135 3445 384 2129 1869 1346 1597
95 2238 2256 350 1869 2051 1414 1079 1750
2878 1869 1848 2925 759 1400 1959
832 543 2238 1876 3352 1325 2201 3100
780 2500 2836 2051 2207 2059 661 1906


2646 32 344 446 2238 830
632 759 640 759 3158 1393
464 638 3370 1378 832 3384 939
2836 2648 3059 3149 3027 2201 2339 3301 841
1317 698 2809 344 446 2238 1168
2540 1316 3447 1906 2201 1601
167 1835 344 446 2238 65
95 1184 1478 1869 3153 2018 678 1325 1876
2804 2633 3014 661 759 640 3444
2238 1869 759 640 759 774 640 446 1818
1317 1584 2259 762 2135 1906 2201 3100 2544
716 2187 1548 678 2238 239
759 2812 2150 147 3100 600 661 1906
3179 726 2317 3087 624 2201 3100


2339 3156 474 661 594 3210 7 611
384 891 2650 1465 1125 3384 1977
3237 3204 1510 2201 905 3351
2836 474 2785 3179 3418 3384 3389
2804 2981 1959 449 348 73
2201 2162 346 2836 1501 2817 2652
2110 1751 661 2372 2836 502 114 1178 2544
2150 1189 2836 821 1465 2650
1317 2349 1325 1905 2277 1653
3081 2513 2978 696 1970 1869 467
3158 3409 661 2150 2349 1971
1797 842 1797 2667 112 716 842 1121
832 3400 3004 1191 1986 661 346 1739
2413 832 1542 35 1542 2798 2440 2317 774


1317 2328 1325 1368 728 2122 1197
696 1906 759 348 2829 2238 3100 3004
144 774 1672 127 1746 2238 1672 1463
661 3158 1746 2829 842 3100 1334
474 65 539 1325 2898 2160
3179 1827 2339 474 369 604 777
1598 2804 759 640 2201 2432 1228 1906
2827 1117 2407 3162 3100 842 1117 2804 2241
1117 2407 759 640 2349 3162 1013 2238 2319
543 1117 1869 2051 1117 2407 2184 1906
1317 716 719 3292 1012 543 2238 3372 1791
674 1906 1752 696 3175
3100 1325 629 2804 2238 2319 717 1068 2271
2201 3100 1128 3118 2836 144 3480 2051 835


2630 696 1902 2259 1700 3016
831 1809 1107 157 1547 1776 3104 1125
3384 3267 2201 1107 3024 1628
2441 661 2586 1107 3017 3481
2836 2633 2308 1065 1897 585
139 2435 2884 696 1107 138 1414
2018 1192 2586 3065 1107 2150 2440
2830 73 1107 1400 1493
832 2259 2168 886 2564 661 78 3227
1043 1575 1414 3460 3354 2168 992
3281 3368 1709 1707 1428 3301
2168 1107 1018 2531 2836 1215 1228 268
95 2238 759 640 2597 696 759 2003
1824 73 490 1558 2238 1868 2265


1514 2201 2963 344 2010 2238 1514 854
2663 661 2663 3172 1325 731 2471 696 731
344 540 2238 474 3179 2238 1777 1325 1914
2827 219 1777 661 455 2051 757
543 785 1524 1869 807 1083
3365 940 1424 1012 1173 2051 2091
1986 1012 832 1294 1969 1906 1106 1501
696 3263 779 474 2238 3372 1445
2038 1584 2241 2408 774 234 2201 1228
2705 1776 696 1776 3365 3136 1479
139 2381 2836 3123 2836 1832 161
1106 2130 696 2241 2241 2489 2962 1012 647
437 563 1205 2648 29 660 2241
1560 2925 2201 1906 2238 2500 119 1630 2338


539 842 2804 625 2201 2375 1893 1125
474 2238 947 759 640 696 2500 1648
3478 543 2238 2559 1079 2363 2201 780
204 3237 143 1906 1043 83 2547
204 3237 3100 759 2063 2836 2440 2075
474 2238 2667 108 1869 1906 2578 1653 987
2259 1465 917 2063 1599 2631 1347
3365 393 2191 1346 1965 457 696 2699
1215 716 3427 2903 696 204 3384 830
1950 832 1107 1463 2804 2440 204 2674 842
832 3158 2302 1436 696 204 3427 245
2836 1783 2812 2290 95 1023 842
2667 2006 1185 2490 696 474 491 2642
474 73 2608 1471 3200 3030 2227


2804 3030 1803 474 2238 0 2006 2201 2885
1106 2804 759 640 2319 95 1517
1389 543 2238 119 2238 2319 1499 1869 29
832 474 2238 2338 540 539 846 1122
2804 2238 2319 95 1413 661 3200 3456
474 3470 759 640 2238 1794 1325 2201 2325
743 474 698 513 2201 1341
3179 2201 2021 1315 3100 759 3380 3064
1372 2169 759 1890 474 1441 2631 2169 718 2699
64 3456 3100 3201 3188 1013 594 2006
3100 2977 759 2185 539 2469 2836 2616
2827 2201 759 640 527 1523 735 1630
144 1906 1228 640 2804 2006 1869 2438
474 2150 2440 2631 1876 696 2051 2827 1906


2977 2285 2977 2238 1079 3239 95 2285 2238 3471
696 2241 1869 2051 2168 474 3179 2238 2868
2836 474 824 218 3179 2276 2238 2312
2238 1066 194 2051 2259 2238 2168 2884 843
2723 2317 977 2150 2836 1994
355 2925 2780 1414 2836 2677 3199
543 2130 2349 1995 95 1254 1315 3329
2836 3288 499 2264 144 204 3213
2328 2339 305 762 1436 1325 3336 2804 365
1198 2799 2836 2512 9 3251
1215 305 3149 1485 1280 3149 1138 1906 255
3179 2392 1605 2238 3372 696 1193 3373
3149 924 1906 2804 1346 2772 2836 1022 2326
2238 3372 409 255 1325 2328 474 337 780


2259 1441 1012 2896 429 474 875 2390
2836 1750 1701 514 751 696 2162 1450
2259 1441 2893 2078 3450 1597
2836 998 1216 2130 3392 913 661 2873
2259 1704 1452 1441 1750 1665 1869 114
3179 880 2168 1799 7 1430 547
2836 1905 1032 2130 287 1809 696 1095
3388 73 86 661 2873 2836 1303 1212
1317 1869 759 2150 1012 1441 2294 144
474 2238 2860 1802 1869 1959 147 2096
3042 2663 2836 826 1012 2791 898
2836 780 2977 2285 2977 1986 1750 2490 1604
2836 1378 3470 921 258 2240 144 2146
2959 2432 2201 741 2817 2259 3460 530 1906 3108


1372 474 2286 2349 2496 640 832 2006 2286 3301
2667 3394 479 1013 2286 2496 640 3332 1876
3083 2925 605 245 2286 1315 1258
2836 2496 774 2344 2201 1672 136 1601
95 1315 474 2150 3179 2286 17 696 1295
864 2667 965 1317 2286 2349
2496 640 3221 420 2496 926 282
2259 2496 774 3317 2496 774 108 1315 1445
1106 2826 95 2271 737 1045 2201 3199
3179 1356 696 722 1281 1227
3083 3155 1285 1869 1368 514
2836 1665 2741 1869 1128 2692 2677
1372 2338 832 299 2955 718 2006 2286 3376
2286 3318 1900 2328 2496 909 1866 95


1325 2168 3171 1012 1441 718 2816 733
2836 2018 283 1441 1427 1998
832 1325 2201 3085 1869 1726 2827 2514 2457
1869 620 1869 3060 2827 697 2202
1797 2240 1441 1041 2201 645 1181 3085
1629 2201 1776 1107 2831 2920 2836 1237
2827 1866 661 907 543 842 64 2096 1599
3365 1564 1175 474 1441 696 3176 864
832 2168 2051 2191 718 306 1441 230
2836 3289 3049 696 1573 1441 978 1471 2319
2977 276 2836 2150 64 2230 2369
543 2168 759 640 2201 365 2238 1595 1323
2827 219 1869 1906 2925 1441 1834
759 245 539 689 2836 3158 2574 2836 3459


2259 1441 1453 1465 3300 474 3203
1411 696 850 832 296 2747
474 2925 548 2386 2571 1111 832 2673
2443 3171 696 2229 3254 916
2259 1441 999 474 2773 2977 20 1994
2303 2836 1751 2459 3365 190 1684
2131 696 1542 510 2110 527 2399 1518
2836 676 1542 741 1781 658 1869 2209
1317 3443 1869 2925 1102 2911
3476 2286 846 71 696 2884 381 718 1628
2650 2941 1959 1058 661 3199
2201 2169 2496 514 1869 2884 2201 321 1450
2836 2130 696 3172 661 1959 2804 2006 1869 2286
2977 3460 530 2168 2286 1441 2193 2286 3111


832 2412 1012 1325 2286 1327 268
144 3172 632 2925 2928 2841 1959
2836 968 2496 640 696 2496 3199
661 2621 255 1734 1013 718 1665 1541
1707 1741 2286 73 3098 1869 1832 3156
2836 29 659 3105 2018 2287
661 918 2656 2264 1445 2286 1752 3400
717 1611 1013 2496 971 3113
95 1315 407 1869 1648 474 1648 2021
3179 2925 921 2695 2827 718 2354 193
2913 696 639 2178 1797 1202 2271
2240 144 2286 1876 2496 640 696 2191 1869 2773
2201 1601 3213 2496 640 866 2496 640 2440
2836 2286 147 1876 1759 3365 2496 1923 774 1497


1106 3237 1715 718 723 696 1959 2201 1972
543 842 2349 879 661 2496 846 323 2348
1191 2018 3176 2042 842 539 832 2977 908
3179 2566 2496 1648 2836 2673 1325 3402 2496 2126
543 1441 719 237 834 1869 2496 2191
2836 696 824 473 2103 2130 2496 134
195 2201 1972 2264 1866 2925 2880 2434
1471 1897 2036 3395 1385 2865 2179
95 1315 718 3244 3211 661 1542 1414
3100 3468 1043 3045 2773 1869 1712 276 1013 2069
2836 2496 3022 2067 3100 1230 1553 2741
2836 2707 1234 1869 3427 3299 1205
832 2349 1672 3123 1869 479 549 474 1959
2286 1315 1876 2298 696 842 2836 696 718 1541


64 1441 2341 1906 2201 687 514
2238 2319 255 2040 2836 255 1926
2917 2034 1012 59 2506 1425 1869 2631
2836 1905 1295 1436 2130 1068 51 568
3420 1068 2485 1127 1869 3176 1714
2836 1729 539 1107 2430 1386 2979
2836 1465 2271 2168 2271 3420 60
3365 1049 2827 464 1432 1239 1390
832 759 2692 348 64 1325 3055
1797 2861 2145 1869 474 2271 2238 1179
1797 64 3292 852 2238 983 696 1107 1383
2259 696 2692 1482 2201 1959 2238 3471
95 2039 2977 2773 2240 2837 2827 2191 2240 1750
95 2039 2317 2925 2836 2925 3370 1648 2201 1906


2618 1959 2725 2238 1582 975
2836 144 1096 1036 1346 1923 774 1291
733 545 101 2168 1118 351 899
2836 3290 1396 3028 696 1346 218
144 412 2836 972 697 2977 2238 340
2836 1012 2437 2238 119 1069 1959
2201 2364 2159 2836 2130 1346 257 2663
832 1441 1643 1906 2241 846 3343 1796
1372 2800 1325 661 759 3156 718 2622 2271 2629
1797 489 2667 1482 2652 661 2051 3299 193
2817 696 759 1239 669 1012 55
2804 3158 1753 2201 3469 2773
2018 1012 759 612 3045 1959 2878 759 969
718 2006 64 696 718 723 1528 1876 2967


2262 1810 661 464 1923 2122 971
2578 2238 1353 2442 1869 718 1989
2262 594 2964 832 1325 582
661 3363 2169 2977 539 94 2612 326
3427 1125 255 2935 1013 2956 1712 94 696 3482
3009 2195 3160 842 2306
3142 696 904 2130 2781 696 1107 1027
3179 738 2684 2191 2836 2612 3086 2889
2836 2804 1861 1369 2238 1057 410
695 762 2977 3149 3337 1906 3084 1924
2836 3365 1373 2438 1869 1906 3448
3365 3163 2241 3300 2201 718 1014 1378
832 3042 3149 3032 1906 658 2804 2612 455
1272 3100 759 2006 2836 759 2622 65 1542 1746


95 539 842 1325 661 2438 2977 661 474 621
2032 3365 3147 2150 2201 1107 723
1106 3176 842 640 2804 3056 3384 65
2836 1465 2271 661 1107 2271 3384 2690
2931 3249 1869 438 2341
661 2842 2836 2402 661 1034 2836 3464 71 1546
661 3089 2563 3400 2836 2130 3310 159
474 2465 3438 696 2925 548 227 2668
1372 2328 2438 3022 696 2006 832 1865 237
2836 1317 1715 2438 718 2006 539 2977 2271
2977 2885 849 3123 1191 1325 95 2935
2977 2339 2430 694 1891 696 2465 3438
2328 1573 1866 255 474 1043 1869 3430 1599
1441 3237 1325 2493 474 1014 1325 2201 328


718 467 64 1325 837 2438 1441 211 3045
95 2039 2977 2884 2836 2238 3301 1869 2241 3459
832 2259 696 1906 921 570 1441 2893
1317 1215 1441 3292 718 42 1315 1268
2804 2130 474 2150 474 3384 951 1906
539 832 2376 1883 1869 718 2964
3179 696 759 228 3384 1876 2977 2051 696 2438
1584 2240 1441 1317 3100 1461 1013 2238 2319
1372 3161 2006 3100 1869 2951 95 995
2977 1441 1325 2804 718 640 832 2804 1906 3237
997 759 2964 3179 1441 3237 1347 95 2470
2977 2733 2141 1346 1927 2168 1804 2863
651 1325 73 759 2964 2259 1272 539 3446
2238 3127 2438 2051 1325 2201 1601 3445 3221


2977 3427 67 524 73 2871
1106 661 1107 625 539 1657 1458 1107 1232
2827 1672 2644 3300 2196 661 1068 717 2741
437 812 1100 3359 1107 1923 2964
95 1441 2804 625 1869 2445 961 2201 1866
1002 1795 1869 2622 2099
2836 696 1272 1923 2622 1892 117 2201 3199
3429 661 653 1869 1272 1923 2622 1281
1372 2328 718 2586 3100 1317 1569
2836 3260 2093 1869 718 80 228
1106 327 2804 2006 2836 1215 2804 1040
255 1013 474 2069 474 255 1436 255 431
1372 3057 2201 978 716 2022 2006 1436 2890
2201 2963 661 2191 1655 2201 2622 2515 576


1272 1125 1436 2546 534 2836 1436 1561
759 3158 108 696 1046 1869 718 2964
718 688 539 823 1603 1312 2840
2836 1694 842 539 1485 314 2319
2804 2256 534 147 2286 1750 1107 1497
2201 864 2650 2496 3022 2207 469 2434
3179 696 718 2770 1442 539 808 2440
474 1436 1107 350 1167 661 2051 2191
1707 1750 716 1726 2523 2191 2804 2191 1427 2680
1272 2191 1427 1759 759 457 2836 2051 2804 2438
3301 350 2201 718 228 46 2929
2471 2201 1736 2201 891 1171 73 1906
2018 2191 2925 2167 2921 2201 672 1542 2319
1986 489 832 716 1986 1750 3376 1325 714


2328 2339 1106 3301 696 758 661 1542 3049
1869 1042 722 2836 438 269 450
1568 1441 305 1041 1869 1471 1922 1264
1824 2804 731 696 474 1441 722 846
1184 907 690 1542 2271 114 2591
832 2977 2927 527 1401 1125
2836 696 2791 1542 1859 2434 2011
2804 527 243 1986 696 1542 3278 780
1097 2536 221 2804 1841
420 2762 1282 290 902
539 2168 1639 1869 722 1283 1178
2836 2130 1092 1538 2804 3179 3460 81
1317 1832 1441 474 2006 2836 211 1499
2650 1441 2631 1325 962 1797 3100 2969


1932 1869 718 2006 2201 305 696 1332
759 2926 1436 718 2417 244 2756
2201 1906 1441 2694 2925 2115 345
2201 107 2417 1325 2201 35 718 576
2417 95 1184 3179 576 95 786 2977 1272
2631 144 117 2282 696 1616 2336 2201 35 842
832 474 1441 1288 1672 1726 2041 1869 2051
696 759 574 1890 2130 2623 3237 2980 842
695 124 1771 474 2603 718 1613
2223 73 2438 1375 661 2271 1641
2836 1838 3224 73 718 2719 3398
2201 35 2438 1500 1869 759 774 2446
1317 2631 1441 2208 2201 450 1584 1441 1012 2006 1906
695 1317 1325 35 718 1547 2650 2238 1066 1630 2438


78 661 859 1441 2391 2438 2201 718 1224
2359 3019 2804 1490 661 1713 1029
832 1317 2478 3231 696 718 1547
2201 3210 718 2699 2259 1654 1112 990
2804 1317 718 610 2168 829 2650 1441 2221
1526 554 1493 2201 1906
2836 1347 718 280 878 2398 2123
2879 73 2266 3179 3197 1012 1750
2959 474 718 574 133 1628
789 759 356 2201 718 1235 226
3179 1043 528 1472 696 1306 1450
1895 2856 1450 698 2836 1346 3045 1810 3111
2630 769 3365 514 718 1490 3365 1450 718 2699
2804 1906 2836 2804 718 640 2667 2619 864


1584 2240 1441 1317 1105 696 1832 2089
474 211 3280 3355 1869 2847
2259 996 1067 539 1325 683 3365 1450
832 514 3365 1450 2836 1450 3365 514 1851
2836 1776 1191 1519 2201 3449 331
1012 696 2486 59 3431 2201 1322 2438
691 3365 859 2551 2201 168
1584 829 1441 859 2440 2801 253 2168 1906
1441 3085 992 2201 3275 2817 2238 2319 2935
2836 446 2817 672 2259 1735 1012 3483 182
95 2387 1441 3286 1450
2259 2824 3049 603 1325 2238 1988 43
832 514 3384 1229 489 718 2855 3394
2836 1450 3384 1979 144 2105 931 117 3338


2259 696 877 661 1041 2836 2684 2191
1441 2130 3444 3010 718 88 1781
2836 3248 503 3176 661 718 2624 3164
2836 1215 632 718 640 2836 471 718 1406
767 2438 1043 2201 2241 255 71 696 1288
389 1043 2817 1043 2817 661 150 1413
2632 2925 399 2319 2836 474 399 1407
661 716 1441 846 1402 2521 1523
2018 696 668 610 718 640 799 2439
2365 1441 3412 73 1906 2836 1317 718 1781
1043 2201 1938 527 1150 1869 514 118
2168 2416 1034 1560 2771 527 2465 2452
2804 759 774 2006 3352 1471 63 3234
474 1317 1441 2074 2201 2169 718 1781 661 2602


2259 2201 2314 1869 774 2022 1890
1441 1084 1809 112 1869 3310 3450
1441 1080 833 1869 29 2013 1441 742
2836 661 3045 2420 3111 143 718 2955 921 2302
1317 2240 1441 1705 3427 1125 2812 2201 1008
2804 3157 150 2307 696 1128 2718 1450
2836 2075 2869 2622 2039 3042 137 232
2836 1139 3087 860 1869 29 3137 1628
1317 2240 1441 2151 527 2132 1454
2836 1966 2168 232 2201 232 3085 913
2711 494 1869 1483 1139
3179 1441 3111 369 2977 543 1325 82 381
832 543 1974 1441 3412 73 1906 2955 609
2130 3262 3301 2834 2836 2855 245


759 491 539 1053 661 2130 2292
3179 1441 3365 521 1427 2516 2803
2836 2652 2332 2006 2836 2130 2622 3398 2126
2836 2130 2339 150 3179 1441 1890 2011
1584 29 154 2836 2945 889
1436 2955 1455 2006 1266 2168 1272 1125
2977 1880 1869 1763 3179 1707 1417
832 3310 2969 474 2236 696 1906 2203
2238 2319 2108 2650 2011 2006 3384 1876
1472 661 2329 1869 718 1929 2544
1106 2130 1542 2126 1869 2438 2201 1906 7 1601
474 2327 1869 29 1707 539 2051 3444
1542 2245 1441 579 1441 226 696 1906
2836 2238 2130 1986 2578 2130 788 1869 2438


543 2238 518 718 3241 514
2259 474 2769 3292 718 1005 661 3174 64 951
2836 1079 3365 1041 290 255 1090
668 786 2512 1482 1869 759 1716 1063
2341 1573 661 1141 1869 2390
2836 1191 1986 3100 3219 3365 1465 193
984 1573 2804 718 2006 1325 2804 1542 1541
3259 3365 3488 1869 3162 2773
1372 1317 2851 2438 832 2925 3398 1890
3318 718 3112 621 2385 661 2925 865 1414
445 240 1013 2925 1107 2006 3318 1269
2201 1839 696 3106 1869 641 2877
832 3042 3460 2669 2836 2246 641 1630
2956 2804 1542 2361 2912 978 1107 2804 1107 2006


1664 29 3033 430 1427 1441 2222
2387 729 3247 661 186 1125
858 661 1400 1810 3025 1032
3009 216 3075 661 1897 2818
2252 1738 461 1735 2201 3245
661 1772 113 73 1107 1862 1810
2836 2168 1978 2159 1107 130 1223
2998 3223 2201 200 661 2925 877
2459 95 718 2842 2241 3180 914 7 1076
661 2130 1849 3076 73 718 2629
832 658 2726 3460 1121 832 2241 699 1272
3475 836 1436 679 2817 2168 2438 1707
2018 2817 2804 2925 718 2006 2667 933 2275
2322 1869 204 2631 2119 2259 2465 2842 2448


344 1082 2238 3040 1471 2194 514
2836 144 2438 1713 1733 355 718 1135
2201 2328 2675 1735 979 2438 696 718 268
140 759 2247 696 1542 1919 2555
1312 1325 3250 474 2256 3144 2238 1150
2201 2573 2077 73 718 2060 1810
2804 2667 1587 1599 1869 1471 1764 2240 2023
474 3070 61 2836 3330 1325 3276
1797 2240 759 3030 1601 2295 2201 718 2874
1191 2238 1545 2018 1441 1427 2440 3297
3087 3432 885 3027 832 1114 994
2201 2817 474 1357 459 1949 1339
3478 832 2339 1062 3301 2426 3179 759 2006 2565
2836 1986 3301 71 2836 1108 2130 2863 1147


2667 255 3100 1342 527 474 3179 2238 2578 2680
2301 1427 1143 2836 53 396 1363
1735 2836 1299 2119 1429 2402 2836 2842
2836 1925 1364 2317 696 77 2891
2130 2773 144 960 2836 2459 1441 696 2925
1785 759 1691 661 2341
718 640 1743 2340 759 970
470 759 2137 255 1013 759 2137 3301
2804 2201 759 1640 2181 1441 1255 696 1286
759 2933 705 539 759 33
2836 3470 718 640 2778 3379 320
1471 3119 3172 539 696 718 2006 2836 3456
474 1441 3427 2172 2577 147 3100
2201 474 774 1650 3179 2200 3133 2168 2438


2328 2438 1535 474 2764 1511 147 3100 1330
2121 363 1423 505 3301 2241
95 64 2339 3067 474 1012 661 2438 3214
355 759 2946 3365 2438 3100 3388 3444
696 363 1511 505 2652 539 832 2241 2446
1191 696 363 2317 3000 1550
3179 1191 842 1807 1325 2622 3205 3409
2018 3384 842 1821 774 3156 2168 2622 2713
1441 2631 1325 589 265 1906
1536 718 2133 2561 1315 1012 1906 3030
1797 2238 661 1042 630 722 2438
1558 2238 2660 474 722 2168 759 760
832 1012 1325 95 1441 2006 1906 696 1471 2539
2977 2238 2648 1272 1272 539 759 1726 1957


2977 1158 1267 530 2713
2201 1750 1107 755 3123 1012 1147 1869 2884
95 1441 3336 3425 3365 615 1904 1550
2660 2130 718 756 1869 759 2178 2836 276
2804 2517 2150 240 2827 63 2827 576
2827 2885 1869 668 2130 2827 2130 2827 255
2740 696 759 2126 1012 2918 3034
1441 144 718 2006 2323 2201 2925 365
95 1317 1441 211 1325 3425 786 1797 1261
1568 474 2925 356 3384 1471 2798 1601
474 1441 696 759 1100 211 329
2836 3365 1609 1869 2130 759 3278 1876
1215 716 539 1485 474 1485 1441 2656 696 1906
2925 2656 1441 1427 1317 1117 2407 1832 2438


1584 2240 718 621 2921 974 2201 1661
3339 2238 446 2837 474 362 1219 718 723
2051 1923 774 644 1068 2324
2804 1465 2982 1088 2201 2690
1372 1601 759 640 1585 543 76 696 2438
1500 2706 1741 3083 759 1628
2804 1180 95 3260 474 3134 237 2201 1906
2259 2238 759 640 446 1601 1671 3016
3100 2238 3192 621 1117 2407 255 696 2178
1013 2339 3045 980 3179 3386 1737
2836 3460 474 2135 73 1906 2328 2817 1255 1733
2692 473 2201 2876 2039 3459
543 718 895 621 1012 3275 668 745 42
892 3100 1272 832 2051 64 3100 2581


1372 1584 759 2178 661 3054 2631 1441 647
2259 2238 2319 2130 274 1232 1869 2438
716 2240 1272 1923 2493 2201 1272 1923 640 1255
2836 716 2498 832 1272 1923 2259 1441 2493 1906
2459 2804 2925 2328 3401 2029 1876
2836 363 2955 2006 2861 760 1869 2500 2241
474 3365 2925 179 1441 2631 1601
474 2327 2201 1906 3179 2238 1222 3444
1372 1165 716 428 1595 2238 1630
2349 842 1325 759 1113 2106 1138 774 239
2201 174 2390 661 610 1869 2006
3179 1959 2836 610 95 1294 3384 1818
2836 474 2238 1842 1584 2201 144 2241 1330
3365 332 2817 3332 1106 3384 3108 3214


2660 2130 718 505 718 2006 1505 2660 1573 2130
716 2578 2238 1317 255 1013 2238 2701 381
2667 2006 718 2006 474 2238 1066 3022 2006 194
2130 1272 1121 2051 381 2238 2701 2925 255
1317 543 2804 718 2006 2238 718 2006 2345
1441 3134 2504 1906 2804 718 2006 2238 1580
832 2018 3100 293 543 2238 759 640 2468
3365 3314 1236 1869 716 759 640 3442
1441 1012 1615 759 2165 594 1650
2121 2238 1821 1906 2130 718 1722
2836 2018 2006 2042 842 539 2864 2874
2201 1445 2403 969 1013 3428 3356 896
1748 672 696 305 2130 2863 1599 2673
1367 2438 661 2610 2018 2764 147 1325 3100 2085


2339 3079 635 474 3044 2227
2259 1441 211 3420 2992 2168 759 2964
759 2150 2836 759 1617 1664 1599 238
2804 2440 1620 701 2650 2238 2319
594 2238 2319 2836 3161 2201 3100 897
698 2238 2319 3161 2201 3100 3198
2836 2259 1861 1666 716 1337 909
3237 2200 239 1346 695 3460 1427 2802
3021 2438 832 2018 2238 2014 718 443 2422
2836 1969 759 2150 2836 759 3396 2884
1106 673 1906 696 1542 1503 2459 2652
2650 2238 2319 1964 2201 1150 2244 276
2094 3365 759 2150 1351 1346 2201 1906
2051 3365 759 2150 2648 94 2201 2438


474 2238 2578 1346 842 539 1325 2130 718 2874
2836 2018 842 2631 3100 3490 1441 579 1346 496
474 3149 1436 1906 539 1869 718 664 3380
533 696 2006 474 2036 2438 255 2
3398 3491 769 1441 3237 1645 2736
2238 446 2006 1346 872 2238 1699 1441 2006 1346
2836 2804 718 2482 2459 95 3384 3149 1168 2438
1531 718 609 2804 718 2482 2201 3193 1346
543 1441 2861 1906 718 492 539 718 2622 3129
2836 900 1346 718 609 1436 3167 474 492
1429 864 1776 136 2836 1441 2861 1429 1330
2836 1429 2804 718 2482 2717 73 2438 2925 1339
832 536 3048 718 609 2836 1441 3301 2241
774 2782 1317 3149 505 832 2438 3444


2259 846 1441 2714 1317 1012 1272 2191 1485 1750
2804 2130 992 1986 226 3310 2729
832 2259 1441 597 696 322 1986 1215 73 1906
2836 100 2935 3301 2935 696 555 538
1317 2238 437 356 1982 3384 144 2935
1584 2264 759 2479 108 108 1832 35
2201 2414 514 661 759 717 746 3016
2259 2201 636 2191 759 1383 1714 95
1584 2264 1441 1866 1272 2191 3100 1734 3336
3365 2879 73 1906 696 814 514
2259 696 2803 1450 759 2271 1992 1383
2256 1395 597 73 1235 2191 3384 2911
2130 42 3301 304 2201 1750 695 1441 1750 1906
2836 304 2935 42 2259 322 1012 35 1906 2438


543 2224 2798 1869 718 1060 2349 1890
2311 1607 1315 1325 792 718 268
2804 1317 2878 1869 387 1441 2264 3100 1269
2168 466 829 2682 2650 2238 446 2911
2667 598 1317 2121 718 1340 7 1741
632 2676 1034 2969 2168 1906
2804 957 1890 2240 881 1429 2883 2836 2058
2977 1120 2977 3412 952 2650 3460 2264 3100
832 3478 1890 131 2438 474 1441 211 1325 1890
2201 2767 333 1508 1869 3399 2259 2238 2319 2544
832 474 95 717 1869 1034 2836 1983 3337
1441 147 3320 921 2106 661 718 1139
781 1111 3365 3461 95 920
832 1395 1062 3115 1869 3449 232


2551 1511 895 3438 2836 1491 3344
3301 1429 661 1906 577 1441 2221
2640 718 1890 2551 718 3064
668 252 661 1302 375 3011
2804 2259 668 1695 3461 3301 2544
696 2733 2943 1869 2006 2201 1906
718 1648 2648 3336 1869 3487 661 1511 3444
2681 463 2201 3292 1851 661 1562
56 525 1176 3100 2954
3365 2339 1302 2143 3304 2168 1906
1106 2459 832 1707 1972 3445 3221 379
1869 759 2271 44 152 842 2201 2438
2925 2355 1441 731 832 1317 2667 3394 412
1441 2694 1573 3445 3221 2836 2991 1604 2215


1272 1125 2836 2964 3301 527 178 3172
1584 2201 1634 1688 1869 759 1628
1272 1125 718 2964 759 2379 1628 2264 1610
718 2964 1272 1125 249 1869 474 2657
718 2964 3384 327 474 2238 696 2817 446 2203
1287 2362 816 661 415 2191
832 3126 3384 474 3379 1803
2836 1370 696 2817 759 2271 242 2434
2201 943 2925 1200 539 3177
2043 1869 610 2130 1333 2201 714
2836 3365 1542 3452 539 153
2414 2976 439 2836 2359 1847 1232
2977 769 1272 2976 2327 539 759 1202 1232
2836 718 1847 2657 759 639 2006 1869 2964


1021 1272 1125 2836 2964 488 539 426
2836 1776 3384 1726 2523 1707 2149 2551
2259 474 1272 1125 539 358 2804 175
2827 2964 696 2006 661 2030 2608 3384 1990
661 718 2622 2828 1317 718 1125 3384 2525
2836 2201 2080 2533 1565 718 2964
1228 1959 1272 1125 539 718 1847 2814
2836 696 1107 610 1869 2006 3384 1447 1609
95 3194 3365 759 2828 2827 718 2006
759 640 3213 2319 626 2440 661 2438
2804 2238 1325 2801 1013 718 610 678 1917
2836 1441 211 2440 661 1573 2836 1986 661 1906
2827 543 1986 597 759 2828 696 718 1628
942 718 2964 2201 1847 2836 2976 2713


1584 3377 1121 1441 2259 1441 426 718 268
1776 442 3104 41 1264 2201 215
474 2201 718 65 842 1281 2812 2911
2168 3431 1869 30 696 2715 1248 1869 2445
832 2238 2201 305 718 1899 1059 3301
846 1500 756 1707 718 1852 2874
2238 1485 1869 1904 2836 1272 2938 1350
2319 1653 906 1869 1465 2982 1650
1906 1427 1441 1325 665 1809 696 2885 2552
2959 2650 2238 2319 1325 1191 1441 1355 2238 2319
1563 352 3340 1869 718 228
2168 2664 527 455 2238 1066 1972 2836 1232
2836 2459 353 2238 119 3100 1266 1441 625
2804 276 1908 1004 2804 2649 95 2955


3083 474 1959 543 1528 474 1959 1972
2259 1441 64 1750 1906 3353 73 718 3217
2259 2977 759 2006 1436 1651 1107 1871 3096
38 2201 474 1548 3365 813 1392
3083 474 1959 2259 2238 1079 915 1475
2836 2304 2356 2438 661 474 2842 2051 1125
2259 2006 1428 2168 2944 842 1121
64 2625 864 1869 1183 1336
3083 474 1959 1012 1441 2019 2438 3332
1563 541 1869 1272 1923 986
2836 2925 718 2122 3083 718 640 3018
2201 256 2347 2625 73 759 1232
2201 239 786 2438 2238 2578 441 1869 782
3042 344 2201 2006 1441 2240 552 2667 2899


1584 1395 1012 1441 1451 73 1073
2259 716 1441 2114 718 78 2752 245
3384 575 474 976 2836 474 919 2201 1866
769 829 2313 3301 2973 2168 759 609
1087 474 1357 2438 1029 661 718 232
2488 1860 73 2201 1445 474 2859 696 2438
2977 543 3365 1672 1328 2233 7 3376
1107 2017 579 1325 66 2648 3336 2168 1906
3489 1343 3134 301 2817 73
474 2104 752 1916 1219 1107 1223
3179 1966 3460 2450 661 2537
255 869 2201 2438 1013 520 2201 1107 943
2804 474 3351 662 3384 1657 2925 696 718 2699
718 2874 2434 1331 2836 718 731 987


769 2240 718 2006 1645 2910 1566
1869 718 935 3252 2259 2168 1906 1441 66
2168 2650 2238 2319 344 1315 1441 2391 2438 353
695 1441 1105 1869 2081 539 2667 2757
1372 716 1645 3237 718 786 3102 1317 864
2259 1302 2395 2240 117 832 920
1317 1315 1441 1343 1191 1249 73 475
696 2218 66 2667 375 64 1441 3376
1317 2240 2667 110 661 718 3064 1347 3413
3161 3064 1869 1576 2006 2648 3336
64 1182 2667 935 1060 696 1107 303 3296
832 2006 2804 2006 769 64 1645 718 2424
3042 2168 1906 506 3460 1110 587
411 1906 2912 628 2836 1601 2817 239 2201 2096


95 211 1441 2977 208 437 1734 2253
2240 1255 2817 2201 1107 774 2309 1746
3069 3460 3237 1325 1465 699 1673
2804 928 2810 394 1869 3206 455
3161 3301 2760 95 1872 2836 95 159
3042 3206 605 696 474 2039 499 2580
1043 214 1869 2178 1986 3397 45 3301
2827 2922 1899 696 2499
95 539 2390 474 866 2286 2977 718 2552
2827 2977 1486 3179 2651 3384 1223
2201 144 1672 2939 3080 3458
3365 3111 967 1107 2456 1859
1734 3301 2286 437 1410 3370 1407
2648 3318 2201 1922 2648 2930 2201 1288


716 539 2496 2798 1884 3301 2286 3336
474 39 1869 2260 1982 73 2286 2846
3042 1465 2241 1436 1465 2241 2241 1383
2836 2286 832 2241 2240 1465 356 939
1304 1174 2836 1740
539 1831 3414 420 2286
73 2454 135 2130 2319 1869 2150 2580
2836 2286 696 1345 163 3301 971 3111
2023 1869 953 2836 2171 1869 2875
691 3384 356 1869 2496 2150 35
2551 2977 2496 1193 3384 1417
2836 2286 696 1465 1734 457 2764 3376
696 2130 2007 672 2286 1427 1672 1232
832 2286 1043 2338 2338 2286 2804 3289 2964


1372 1584 717 255 3384 2150 698 117
3365 474 774 3056 3179 276 3384 1601
2844 2586 2271 832 3201 2764 842 2850
2804 474 774 2712 3179 3384 696 842 1876
3154 2061 1427 1664 2977 453 2037
2977 2044 217 1869 1928
709 73 1471 1143 2836 3204 2977 3294
2259 1905 1936 1542 679 1425 2360
832 2804 1542 2999 2938 539 1542 35
1986 1876 925 2836 2729 3055
780 2201 2791 774 2301 1012 1325 95
1869 1542 774 235 3301 77 1539 3336
2836 95 1869 2286 698 2836 2040 2884
2259 474 64 3055 718 723 3378 2496 276


1325 1520 1797 1711 2685
1869 907 64 2876 2925 1593 1541
832 2286 64 1076 255 2935 696 668 890
1013 2852 564 2335 661 1592 1959
2259 2941 3172 64 2455 52
2836 2175 2862 658 2428 1869 213
1797 2415 1107 685 1797 1211 181 3344 64 3290
814 1448 1869 2496 2209
3470 3292 2836 763 1635
64 2286 3413 1733 2496 2493 64 2440 864 2777
2459 696 3281 1869 2130 3175
474 676 2925 2159 658 2201 2734 2574
95 695 3473 474 2496 640 1981
2286 1876 696 2925 2836 1977 696 1929 2191


774 2006 507 759 2330 3100 842 1325 3490
759 2163 1315 307 3100 1013 704
3179 832 1727 3365 2508 539 2049
1717 1674 696 1107 310 1281
95 2006 3100 2238 2121 1727 2238 1940
759 2560 2191 2459 695 1986 2714 661 2251
1717 1750 3221 2836 1012 1325 1367
1190 1869 2006 661 856 2635
2328 2925 2215 3035 1043 2541 3100
3179 2126 954 2650 1511 165 3111
1972 1229 2201 712 474 2259 1986 1750
1105 1869 2006 255 3326 2631 3100 2554
2827 194 842 346 3179 2648 1664 1869 1350
1895 1905 2239 3052 255 1064 255 159


2648 2496 1646 716 1315 1441 1012 832 2846
632 2822 2836 2407 1869 2496 3064
1441 1427 2667 3157 1959 527 2130 2201 830
1797 2371 2201 1012 695 2286 1844
1797 2208 1441 1969 2779 699
1568 1441 718 186 3165 429 2804 2286
1797 3412 1845 1869 1165 1113
2259 2286 1427 1881 2496 1438 290 2072
1797 2208 1441 2294 661 718 1245 1890
2650 2286 2631 3100 2827 2496 2270 551
832 1043 364 1646 2911 2836 3412 1869 1111
2959 2650 2286 3301 1584 1832 2286 144 2339
95 3022 2948 539 2006 474 696 2496 3237
1191 2286 1012 2885 3300 3460 273 2667 2863


474 1574 1643 474 3336 2438 1057 2496 1646
1441 1315 696 1890 1742 2496 2407 1869 455
2827 527 2496 2122 3087 494 1869 3156 2201 1394
2648 2496 2519 1668 2201 2911 2496 2106
1372 2328 2438 573 2648 527 2496 1169
3087 2456 1165 1869 2496 3044
2836 2795 3360 2201 3270 1186 1776 2315
355 70 2286 1869 896
3100 2650 2286 1277 2496 1667 539 95 2435
474 2286 2496 640 2631 416 2496 1959
2201 716 2286 3237 2201 2286 842 3384 2028
2496 640 2201 3066 1869 1676 1796
1441 211 2201 768 1191 2787 95 3100 2567
1325 2504 2496 455 3100 842 2863 2827 1599


543 2652 3100 1378 3111 832 474 3179 539
1436 1241 381 1584 3301 363 3091 1075
3179 1160 2804 1671 1445 692
511 653 1869 839 3123
1372 474 1448 719 661 623 1215
2459 1869 34 149 2953 1869 2929
35 2438 2496 2207 696 1672 3299 3313
3042 2699 527 1057 696 3063 1121 2680
474 1441 1281 1750 716 2396 2159 719 1866
2201 2925 2742 2739 1869 2496 611
2517 2764 3301 3441 2827 2517 641 1986
2827 2517 1456 3100 3186
1372 2715 1441 211 1822 1869 310 42
2201 1371 2835 1427 3447 476 2493


1043 2977 1779 144 411 2217 1010
95 1012 363 1181 1889 2201 1542 245
1776 1432 1463 661 474 3179 2447 381
696 1552 859 2130 3097 1012 295
339 290 696 349 1869 3016
744 2201 206 671 2648 2918
1006 1299 3470 1107 3278 1841
2836 1959 474 1138 3384 1707 1107 1605 2678
1959 3384 1199 2882 2580 73 2884
2836 3440 1309 696 3158 2629
1434 73 1132 1869 464 276
2836 1378 105 832 2804 1107 258 2201 655
2836 2018 2201 2407 696 1288 718 723 64 1741
332 759 2178 2878 1107 633 2122


539 842 759 3237 759 2207 1315 1347 2398
718 1395 878 2201 2173 1450
446 2238 3064 718 3166 1315 3100 3146
3339 1982 1043 2201 1906 1012 1532 718 1628
539 842 759 1811 474 2238 1885 2168 1906
95 829 2168 680 1219 718 1147 2201 1792
2201 864 658 601 2836 2190 3156 696 2438
1290 2836 3238 1869 759 817
1372 2667 759 2006 1191 717 539 1325 95 1184
842 539 718 2006 474 866 1272 1125 3268
1272 1923 3022 2006 474 3384 718 2847 1954
2201 3204 1019 1528 2804 759 2482
2804 1906 3165 1441 1568 2238 446 2670 1172
2168 2438 829 253 661 2490 2130 1068 262


873 1869 184 1544 2130 1272 1125
2836 2130 718 2139 2836 2130 718 1465 1232
2836 2804 2925 873 2652 539 2667 3407
842 539 95 1658 639 696 718 2964
283 2667 1810 95 2469 539 2977 1272
2667 457 95 3022 2667 276 1869 1471 494
2836 2804 718 640 1272 1923 2178 1012 185
2977 1441 2130 136 696 2130 1996 162
832 2259 718 467 2673 2438 718 640 2278
1618 2836 1820 661 2400 2406
1272 1923 184 1178 675 1441 978
640 95 825 2349 1284
1312 1906 718 640 474 2804 718 640 1441 2493
2653 718 1414 661 2150 1869 759 42


3083 718 2006 64 3100 2977 1441 211 1707
661 921 2311 2122 3008 2836 3382
2259 3156 1427 1020 1107 218 2836 879 1107 2629
661 1482 2836 1848 2259 1107 510 914
1436 3465 73 2201 3152 2280 1450
2836 2130 2339 826 1884 1707 1757 1050
3301 1054 2827 793 658 1869 1628
2998 3213 2134 1869 1107 465
2804 1471 861 1012 1441 1707 968
3083 1275 3152 633 1692
474 3460 64 2362 2700 2168 2209
718 774 2622 2150 1191 718 1670 1648
1107 2150 64 696 668 2856 1482 3100 2222
2836 1986 64 1876 2836 3460 696 1573 2440 1032


2259 1441 1427 2222 3365 921 3084 2122 1273
1864 1209 1869 2790 2011 1414
2259 3420 1704 3001 1441 1750 3138
2836 1459 2692 1646 2201 1192 2741
2259 1441 1427 2222 3236 3335 3129
2316 73 2101 1869 954
2836 2140 2748 312 1869 1155 180
1039 365 661 492 2836 492 661 365
2259 1441 1427 2222 1471 542 1869 1781
2827 1781 842 640 1555 2201 3199
562 1436 3295 2438 769 2201 2166
474 1959 3237 1972 2836 2660 718 2006 3213
2925 1890 539 2977 2934 3179 3134 347
832 2075 2201 1427 474 3179 842 202 2201 2861


3042 1459 1797 564 1797 1034 1797 1956 2883
832 2215 3038 713 1542 1152
1584 661 2925 2741 64 2150 17 2068
437 1025 539 2667 3338 1013 1933
1372 1584 64 1905 2528 1936 17 658
3083 2284 220 1869 191 42
2259 2905 803 3301 1325 95 2936
1797 2152 1869 3103 95 2435 832 1959 1360
1372 2970 1697 2650 2726
64 921 1485 3390 2168 921 2552 2203 2307
2827 716 2435 2122 2240 17 1107 1302 1340 3445
2827 1106 1107 887 1869 2150 2240 1643
1372 2338 1558 2925 1649 1427 1281
474 696 2856 3058 718 2006 2631 2440 1076 2935


1029 661 2130 668 2804 1997 3292 1441 3255
2977 2201 2893 986 2821 2545
2836 794 1378 3298 696 3232
2836 3282 2960 1435 3246
2836 1387 722 2529 1153
2836 659 2999 1760 2637
2836 2657 850 2431 787
2836 1892 3365 944 1689 11
2836 2319 3336 480 3365 3302
2836 2780 882 1027 1497
2836 2965 276 2971 380
2836 922 1726 2830 2922 2863
1029 661 2130 668 2168 668 2264 1441 3100 2544
2959 474 2201 780 1441 239 718 2006 3444


3478 2412 661 1873 1315 3460 1876
2836 661 1107 2185 672 2174
474 873 3365 2817 2316 1315 1244
2836 2958 842 640 661 1107 3435
344 1315 94 2653 1055 1107 135
2836 1821 2803 660 1869 1107 1752 904
344 1315 786 2150 2966 2114
2301 1869 356 3042 1107 2758 539 3022
344 1315 3460 1876 1707 762 2589 539
1509 1869 218 2201 1886 2256 266 25
2804 3149 1436 2667 2310 1707 832 1107
2836 438 1869 29 2317 632 1107 2343
1372 2817 3149 923 2201 35 716 63 3149 3318
696 42 2039 3042 381 668 1324 95 3477


769 539 1107 135 109 1869 42 2790
2259 2150 3291 2836 2669 2977 3400 1012 1707
381 668 1238 1901 1869 2271 2349 2545
2827 1161 2806 73 801 2629
381 2401 1858 1869 1763
1398 1869 1744 2349 360 3213
2201 1876 3272 1648 73 2192 1547
2829 3158 2803 1594 3336 1228 3454
696 2817 2339 1170 3299 3156 3301 2222
355 2130 3056 842 640 2836 3022
2931 2667 348 1869 2234 1032
1778 2667 3045 2201 853 1107 2150 3111
2836 2817 2977 2804 3230 3384 762 365
2201 35 94 2319 716 2150 1121 1869 2759


2339 2126 1869 1906 474 2109 1125 3384 226
2921 1378 474 1943 1869 2292 2240 3215
2130 3261 2600 1869 3086 1601 1906 474 2327
1718 2282 276 2459 95 2977 2085 2000
759 1202 769 661 1202 2493 539 2918
832 2339 3351 3261 474 1601 1906 95 2051 1923
696 136 2373 1012 2925 2493 2678
3365 2643 2801 1013 1127 1436 703
1986 1215 1219 834 1869 759 2699
2836 474 696 3002 1986 827 3365 759 1147
1317 3484 1542 610 2121 1542 2191 2349 2616
2201 759 2271 657 1243 1556 2299 1869 2996
832 344 759 2712 2283 1325 759 35
773 539 2925 474 2238 446 158 1604


474 2238 2319 293 64 1325 3100 759 634
2804 2073 2038 1121 1528 2018 847
1850 1869 2150 539 761
1669 474 3457 696 2465 77 3438
95 2238 3100 1726 1930 3384 832 3193
759 2178 272 2648 2062 1869 1959
2804 1364 2389 2458 1425 3384 2006
2836 2238 3131 874 3148 1597
2238 2578 1421 3365 3077 1869 2967 42
3194 1325 3198 2827 2686 2648 937
2018 2925 759 2493 3134 3100 95 759 2493
2201 3184 1809 1907 589 1214
543 1672 761 1869 2863 679 1325 759 35
1317 2238 3444 1496 1869 2292 3372 1308


2667 3394 2916 2804 2438 2259 1441 211 2803
1013 2286 64 2963 3071 2416 2592
1601 2053 2201 204 474 1441 211 319
2168 2925 857 2159 661 1300 3480 2201 1977
1685 543 2286 978 2925 3345 170 1325
2858 474 2890 842 2804 1441 2006 2286 95
474 1441 696 2496 774 610 2264 3100 1538
543 26 73 2438 1317 1315 144 2286 232
1372 543 1441 1866 2286 1215 632 2925 723
2259 1441 1028 1051 211 661 233
1012 1325 95 717 2977 718 786 760 2690
832 2328 2496 2006 2459 661 718 1648 3199
1536 3424 2159 1315 1215 1219 2496 1139
2836 1532 2286 661 2438 420 1441 211 2544


1372 1536 204 1315 851 2286 2201 1819
716 2926 3291 696 2438 474 2286 1315 2006
420 718 3292 2955 2006 961 2438 1178
2804 2286 696 2438 2240 1378 1500 1630
1558 2286 2264 2553 1672 918 2203
2201 1012 255 2804 2438 1013 1272 1923 986
2836 709 255 2493 632 1716 1441
1013 2809 276 2264 1296 1941
1372 1536 2496 3022 2006 2631 117 94 696 2925
474 2286 2804 2006 2023 1599 1869 2438 2721
718 760 3100 2011 2650 718 688 539
2836 1876 2667 255 2201 3030 1797 2438 1797 2286
2804 1441 211 2628 3365 474 3179 1441 1255 1733
2836 95 1315 2286 2201 2006 3310 1378 2178


474 1959 1869 499 2238 1066 696 2438 2893
2259 3101 114 2827 2338 2827 2543 1012 709
632 2339 3207 3179 59 3083 2433
2282 1644 911 2650 595 2704 580 3124
696 2438 2238 1882 3341 1869 1471 514
2977 420 1980 3257 696 298
3179 3365 2836 3365 2856 1450 3384 2660 3213
1128 2192 640 474 2120 1809 2130 696 2847
696 2438 2238 1882 2460 1869 1471 3344
474 73 862 1869 1107 2884 3384 2203
2977 1474 2443 842 147 806
646 661 474 3179 842 1121 1773 3365
2925 2238 1166 3179 1895 759 2006 255 2435
2201 2006 474 1599 3179 2238 147 239 2829 2039


832 3100 2521 2259 474 3084 386
355 2130 1808 64 1828 2438 3213
718 1648 1436 696 2925 3345 1672 1880
3179 2804 642 2440 661 1906 64 2911
2259 2238 448 2925 2238 446 3426
905 1232 1121 964 2201 1906
1096 2240 1427 832 1034 3179 539 1107 2327
718 1811 539 2051 274 1232 1869 2438
95 1317 2238 2578 832 271 1681 1869 1648
906 1869 3480 718 688 2648 2803
2231 3118 1869 10 1692
1068 2675 1869 1906 2201 3100 3352
2248 1869 474 539 474 3179 842 209
2836 474 539 2925 2836 2925 661 1906 708


95 3301 2286 2201 718 610 2977 3410 2201 1648
2827 2977 1624 1462 3301 2201 2476
2836 2804 1382 1869 2286 1441 17 1471 3128
2977 405 2789 2836 1107 63 539 3167
1707 438 2977 3427 627 2836 2252
765 1805 1414 3237 1821 1107 1746
1707 3050 1485 2201 3100 661 2286 3444
1317 2070 474 204 2631 1750 718 455
3420 2130 1664 661 1187 73 2496 1628
2836 3365 2836 3365 3183 1767 2804 175
2466 2827 3107 2667 2713
2959 716 539 3318 2827 147 2168 2286 3100 426
769 1012 1441 177 2836 3256 514 3365 514
2827 433 73 2130 2827 2130 3213


344 539 718 723 95 1665 1869 3111 1859
95 829 2168 2839 2827 181 2169
344 661 2390 1012 1441 1325 1944 955
2201 2983 1516 2836 2201 1798 2260
344 237 1441 2440 2130 2241 1528 3186
2836 1347 1671 696 1480 1498
474 1465 359 3384 799 3085 718 760
3312 1542 240 2836 2650 1986 7 584
1372 3376 774 2006 1441 1001 237 1869 2286
2836 2286 2836 2006 3301 2440 718 644
95 2130 718 1485 539 1384 3045 2336 3111
408 3221 716 539 1813 2588
2804 2977 2929 539 1229 3111 2836 3045
95 539 718 2006 2440 68 716 539 2355


759 467 3237 35 1906 1584 759 826 676
759 2147 1584 759 3157 1181 2302
668 666 114 759 2620 3417 3237 1445
2836 1869 2925 3313 2925 686 1066 2238 1236
2263 3179 759 467 3237 1865 35
1869 2197 631 3237 1601 1906 2209
2238 3365 759 747 2598 1993 1066 3376
921 1004 1896 2201 1492
1215 716 759 2209 3134 2483
599 2201 668 2302 798 2836 2238 1079 864
2339 2703 1146 523 2168 759 2111
2201 2660 404 3287 1869 759 2699
668 732 95 1564 2977 2238 119 1215
64 1614 1906 2836 717 572 759 3313


95 1564 1427 1441 1719 1906 2804 718 621
2836 3167 1471 2271 946 696 718 723
2977 1465 28 193 1436 3233 718 65
2836 3104 1906 1542 1608 1817
2051 2191 474 3295 205 73 323 2201 647
2836 1395 2117 1590 2201 3305
1427 2744 553 2201 3114 2870
2836 3447 672 2735 3481
2018 3100 846 438 1869 474 3179 1441 248
437 3254 539 2051 2836 2545 1869 1906
696 2490 2661 2238 446 832 3215 3277
2836 3434 661 759 774 134 2786 3100
832 2238 2319 2130 718 2319 2836 446 3463
2977 323 2977 686 718 2512 2117


1568 1441 3444 7 194 632 759 401
718 723 3444 3318 2130 759 594 672
832 1707 718 2469 473 3301 1912
2836 718 1418 621 3384 1601 3427 136 1463
1441 1389 774 2006 759 2040 644
804 132 1869 1093 193
2018 716 1869 1906 759 2880 3384 1661
3460 3133 1906 1869 2836 3228 842 1906 3221
3460 3027 1906 2999 2836 3460 1578 474 359
2168 759 1602 2150 3384 3460 1601
2836 3167 842 696 759 135 3460 2240 2397
2667 2493 2201 1906 832 716 696 1906 3384 1876
1317 207 2817 1325 2804 474 3179 3460 3384 1866
3042 716 3460 2626 1906 2238 759 640 446 369


1372 1584 1441 3150 2259 1441 1869 2286 1012 237
3462 3474 1811 3384 65 2496 760
2836 696 2581 876 2689 2130 1107 1281
2201 144 2438 480 80 1869 2496 1247
832 3042 2496 2178 2123 2977 2541 539
2112 2977 2045 2125 3384 1445
718 2702 910 586 829 2201 1107
73 2496 3043 180 3384 1 1417
2496 2357 2946 3237 17 2438 1809 1164
1568 3460 632 2496 654 453 3384 3245
2827 2648 1745 1441 211 1188 2288
3460 1869 2825 1404 2836 1869 1301 1859
1317 543 3460 2369 2836 1441 3100 1651 3213
1913 1121 2925 718 2006 1121 718 3199


2827 1441 64 1876 2496 3151 2201 144
2827 2286 518 2259 1441 696 1034 211 1919
2168 3108 2496 2209 3292 3134 2660
2121 696 2438 1776 1232 3237 3100 2368
2496 760 2168 3108 1217 1648 64 1427
1191 1441 290 2544 2201 2130 204 147 780
1096 2240 1313 2438 832 1030 1960
2259 2286 2575 696 2684 2191 64 2203
2496 1903 64 3100 718 594 723
3179 2191 1325 2018 410 64 3125
2836 3261 2201 3100 2496 2648 64 2690
2259 2130 2737 1869 2925 2159 3301 2803
2286 2440 64 1876 1471 2999 1436 718 193
2650 1936 846 1683 2459 696 2092 1869 2773


1441 1389 2238 1369 1325 1424 2201 718 621
2836 3161 1066 355 3358 3132
2142 2336 3179 1134 65
1869 1542 2271 974 1976 1465 3313
2238 2319 2977 2271 696 306 2977 696 904
1731 759 2178 2731 3450 718 2493
2836 3161 2319 1754 2201 2114 1077
1672 1589 2524 1869 602 42
2836 1012 95 2006 2018 2259 1986 1427 1123
716 3099 2036 1910 2240 939
2238 1865 2271 1369 1865 2090
696 3022 2975 2336 3365 759 2961 609
2836 1542 2124 2653 1281 3100 641 726
2650 819 2757 218 696 1906 842 539 1145


1441 2362 2749 474 2286 7 2653 2757
2836 3161 2201 2496 2271 2667 2653 2580
1441 3167 2827 1890 1441 3167 2286 7 1246
474 1665 2733 1869 1553 1292
2836 3161 1427 1441 414 696 2496 1957
474 2286 2496 640 2648 1003 1599 1281 35
1584 829 36 2098 3384 1972 1068 51
80 1869 2178 716 2178 696 2286 3384 1604
2925 1761 2804 718 873 2286 7 2331
3179 64 3100 846 718 3278 2648 3260
2804 1441 278 1325 2150 2648 1358
2259 2490 2264 1601 1648 2836 1255 908
2652 2317 255 1648 696 2241 1869 2496 2271 2191
1013 1429 2496 2246 2240 696 2493 2553


1106 539 842 474 1370 846 3179 2240 1866 255
1013 2925 71 2493 474 2286 3444 3301 2286
696 437 3046 2511 539 1537
3179 1315 790 2650 2496 2558 2562
1507 802 1563 474 193 3384 1977
474 2201 1107 974 3027 1325 1672 2065 3278
832 3460 474 894 1869 2286 543 3460 2240 3085
474 2286 3301 2286 95 3371 1107 2291
2328 2817 832 337 716 696 2286 539 2890
1325 2931 2835 716 762 3336 95 1554
2836 1471 2449 64 1247 1107 576
2931 1107 2361 1416 1465 2650
2286 2201 2496 698 15 1243 3159
2648 3212 73 2493 3179 1895 2496 949 2835


718 480 621 696 3054 1411 1346 2440
3339 2993 1869 2496 2493 2242 2728
984 1542 3063 661 1400 2098
2836 3157 3264 3365 2130 1361 558
1441 3412 1726 610 1568 136 237 1726 2336
2836 1043 1724 1875 2440 3255 2050
2201 1465 989 474 1151 1811 2083
696 2189 108 1869 1599 1874 193
1747 2286 456 1441 1866 1312 95 1312 3022
2836 2201 1466 1869 2493 1243 1047 255
832 474 539 696 718 1890 437 2006 2201 2286
1191 2336 1972 3328 1411 1107 1297 381
1317 2490 2804 2211 1869 2336 2446
2438 2804 718 3260 610 80 696 3409


1121 842 261 1664 2125 1869 1107 1184 723
1668 2804 2606 1869 2130 1068 3157 2286
474 7 718 1863 610 696 718 2111 1920
2931 1542 1533 1437 1603 1986 2562
1121 842 1107 1811 3365 1399 3295 2201 237
2572 178 2564 474 1338 2438 2803
2667 2913 3460 1797 1107 2154 3365 1450
3408 2817 401 718 723 2182
3460 1797 474 1415 2792 1259
3179 1979 867 2817 661 3082
2977 2377 1869 718 1761 3134 450
1441 1121 1325 1418 1869 2885 625 2168 353
832 2259 2496 3031 879 1809 1107 3345
1317 2930 1441 598 474 2046 1272


734 2238 2319 1068 2955 2804 718 2466
2836 1043 3250 2238 1699 759 2161
309 1869 759 2178 3370 1906 1583
718 820 696 1906 3301 2130 160
2804 1584 1012 1441 17 1906 832 3365 759 2594
2836 2804 474 1696 2650 539 718 2532
1549 1869 2925 2271 1605 696 2438 539 1616
2836 95 718 3273 3445 3221 539 500
759 640 2238 3127 759 1923 2178 1317 1325 3462
2827 2438 2201 305 2238 3127 842 219 893
95 759 1184 1605 632 526 865
1270 680 3221 73 641 2816 2931
769 1427 1441 3318 1906 2977 3116 3384 2387
696 597 1816 832 2957 2667 1471 598


2259 2238 1079 3100 3187 2201 2580 2438 3016
2836 1463 718 2926 696 1127 1869 2074
632 759 943 3083 718 640 2912 1841
2836 1630 1906 918 1191 2238 2319 3246
661 1272 1923 1606 2648 1485 582
632 759 1232 1441 2240 2580 463 2472
1869 960 2838 1603 1441 211 1631
474 2238 696 900 2438 1079 312 717 3278
2836 1441 3365 2925 3237 3100 2595 1068
2804 3349 2130 718 3398 610 73 1906
2906 474 2201 718 640 1441 1012
1570 1906 901 91 2438
1471 539 718 2006 2201 1906 1441 95 2028
474 2804 759 2657 718 640 3237 1445 2130 969


1866 474 2238 1082 898 2438 2804 1672 2181
2836 1441 3237 916 632 474 1566
2023 1869 718 1814 2836 1441 2991 3237 366
3083 759 2625 2931 2667 2146
2238 678 1325 2006 877 2438 3402 95 2863
2201 2580 1951 632 3361 2169
2977 2912 718 640 877 3462 759 3237
1441 3237 3287 3036 2836 1215 2260
3100 2992 2168 759 2745 2836 696 718 2069
759 774 1499 760 2667 255 64 1977
1536 1441 1068 717 1129 1315 1012 842 1775
2836 2365 1869 363 3045 3287 3085
2804 1906 3083 718 640 2912 2378 700
2804 1441 147 3395 2006 2817 305 2238 446 3456


1317 3456 2438 2259 2238 119 543 1528 1707
1707 3339 204 539 1052 718 1147 2201 1339
3411 661 2813 1869 1041 144 2438 2393
2836 1012 1325 2774 696 2804 3427 183
3478 1012 1325 2259 718 2964 1436 2484 2925 885
1972 696 96 1869 286 232
1601 1325 338 1450 2296 2170
2201 1652 658 2004 104
543 2238 119 239 2438 1012 1325 239 2438 1324
2259 136 2658 3436 1427 2680 1542 1550
832 696 2815 1972 95 64 1441 1236
527 1057 905 612 1869 615 1281
2836 136 1279 1869 232 3179 1707 117 232
2683 661 492 1869 1906 3237 1325 117 95


1672 3278 696 1542 240 1672 696 1542 1497
1672 696 1542 63 1672 696 1542 1654 2330
1672 696 1542 2596 1191 3012 2863
1672 696 1542 1071 2836 334 1672 696 1542 110
2836 1465 1579 1436 1107 1721 455
1603 842 48 1947 2572 1092
832 668 3284 3301 1325 718 827
2130 668 1441 641 696 2241 903 1485
759 2006 539 641 1013 323 240 2201 2438
3453 1013 63 1412 1013 2596 187
1869 255 2713 1013 1071 2836 1098 3100
2836 2633 1906 1869 2130 2684 1859 1441 450
1162 696 2925 3444 474 2238 1066 2660
2130 2925 3213 2836 2438 846 1162 144


832 1012 759 612 2201 1821 759 640 3213
2804 47 1869 1648 2238 2319 379 1272
2836 1648 2667 3394 1013 759 2006 3237 2911
2804 842 2020 632 474 2006 1869 2051
1317 2757 1441 1325 2201 625 1913 1869 635
2259 696 3121 1869 1573 718 1648 1436 245
1441 1750 3474 1781 2201 2438 1655
1013 474 3179 73 759 1579 3384 715
2238 678 1325 164 2438 661 1102 2699
3042 474 718 1648 73 759 515 3384 2203
1372 716 1521 1200 1012 1441 864
1832 2201 1427 759 2006 1832 2201 780
832 3387 95 3181 474 202 2667 3483
2238 1066 3100 94 2836 2018 1441 3376 842 1325


95 64 1441 1876 1963 2238 2319 3022
1043 395 234 95 2622 1810
2631 2440 117 2006 2201 2438 1191 2087 3111
759 2586 661 2438 759 2964 696 136 1463
2804 2652 2240 1876 2667 3369 696 2051 1125
3161 696 474 1441 3134 3376 759 2169
696 2585 2586 377 1847 1271
539 2890 696 1693 2836 141 2836 1848 2260
832 3176 696 759 1314 7 3235
474 696 759 1810 774 2006 1315 1528 1977
2437 759 610 2827 759 1847 300 3100
759 2586 1315 1378 353 832 1855 3085
1584 1043 3226 483 3384 759 2150 1604
543 759 774 2999 1276 1325 759 35


1986 474 1427 1152 2201 1502 2836 3237 1012 2338
474 1012 1325 1012 2944 1986 846 1012 35
1106 1613 2490 3301 2791 2977 564
1056 2677 2836 2201 1620 920
1986 1675 1012 125 2465 134
2836 234 464 1696 2168 860
2604 3301 588 2836 1621 1869 1542 2179
2490 832 2614 1869 1542 1159
2289 657 539 2201 6 774
1191 2201 842 640 842 2938 1876 2836 780
832 543 474 657 661 2675 1873 1739
461 1498 3415 1107 1467
2804 77 3310 3479 522 3365 1542 1147
2636 474 3383 2299 829 2835 1013 2996


1584 774 2836 2040 446 2238 144 2968
3179 1043 1070 696 111 2758
3384 560 834 1869 759 3140 760
1372 696 716 2663 446 2238 759 2137 544
474 2069 474 875 710 1869 759 42
2931 1748 2993 73 759 1086
3134 400 832 696 3385 1869 2493
1352 759 760 2293 3427 2863 1957
1372 716 1033 1427 2339 1877 3233
3179 2804 1542 2095 1210 658 1906
2650 3158 809 3384 951 1465 3483
2836 2130 3310 2523 2201 2271 474 2191 2240 1750
2660 188 2955 2964 1869 2925 333 1354
1801 1692 176 3384 2861 1107 2163


1672 1866 759 2181 539 2884 1672 1762
1672 1866 759 672 539 2884 2836 594 1086
1429 672 2836 960 3301 579 1869 255 2836 1712
2238 2268 960 134 474 2201 1906 16
2977 73 3141 1869 3381 2086
461 3390 3237 3100 1599 2505
95 3301 2339 2216 474 696 1906 3301 2222
2201 1204 724 2836 2804 3022 3310 264
1584 29 1251 1281 2249 3391 3218
543 1043 2986 3460 719 1107 2586 2144
1584 29 2370 2014 2238 673 3213
543 2238 1595 65 441 1869 2130 759 1781
832 1012 1325 95 1441 2006 1906 696 1471 2539
2977 2238 2648 1272 1272 539 759 1726 1957


1584 1043 3293 1436 718 1165 1241
2168 1906 3110 1869 565 499
716 1449 1427 1441 2972 716 555 42 2222
716 3045 3303 821 2907
2836 2018 2925 1959 2969 1121 1905 1959
468 2257 2418 661 71 1994
997 128 3485 1869 3072
1043 57 2609 420 1542 1481 282
2018 2925 390 3317 706 2201 2438
832 1288 1869 2697 2836 838 2177
2804 348 2836 1107 3437 768 73 1906
2836 2238 3213 905 580 3301 1358
2827 543 1986 647 1312 661 95 935 1551
474 114 1215 216 3451 493 262


2168 2286 1427 1441 1241 2992 696 953
2259 388 2129 1420 696 2130 1107 764
1436 1657 720 1869 2884 696 1465 3300
474 1395 501 1720 2836 3208 661 2817
2018 1797 3374 1869 580 1797 2704 2299
1869 1469 3400 696 2712 2836 696 904
719 144 2438 2885 1905 2291 3085
2827 2168 1542 438 2932 733 1573 2650 1986 2562
1797 7 1441 2739 527 1856 2873
1797 2493 3090 1061 696 2844
1986 2349 832 774 832 3253 1869 2713
1759 420 2286 2286 1753 1869 2130 2339
2018 706 842 346 2440 2836 2286 3213
2977 661 2496 356 1441 661 668 7 3204


1196 512 769 7 1441 1969
774 1650 2664 1082 2238 1821 759 774 474 481
543 1325 2168 718 2622 1936 810 1859
3179 73 759 2225 2315 2804 1386 3196
696 718 2622 25 2238 2578 1068 2509 1815
1525 1441 2530 2804 759 2122
2836 1425 1869 3120 3318 1266 759 2254
1928 103 73 1143 7 1741
2241 212 3030 1228 2873 2048
156 1797 870 1797 2873 3318 1266 1869 1429
2836 2201 1107 2165 3318 1567 759 1936
832 2804 1107 2016 696 1859 1869 2130 1107 739
1391 1364 116 2817 1809 2201 3292
255 3400 1441 2320 2018 1441 2338 719 1750
832 774 2827 1843 842 3318 1266 2168 1906


2650 2319 2238 621 474 2238 3078 95 2039
2201 2023 1869 474 3179 3370 1906 2130 759 1281
3 2238 759 2988 73 1672 556 1205
1305 759 1152 2201 939 2675 1371 3016
1105 2722 621 2836 2991 2255
696 594 473 1959 95 1321 2588
647 2201 477 474 3384 759 3088 84
2836 3370 759 193 1429 1497 2836 644
2429 950 621 718 2622 774 1810 1673
543 1959 1427 2885 1680 5 2652
543 2885 3100 31 2201 3199
2836 144 921 613 1261 2907
1601 718 2006 1247 1984 1013 1959 313 1648
95 2238 1952 1107 258 2836 1006 1692


1372 1725 621 716 64 3100 759 284
2804 759 72 1869 276 696 2150 1815
1429 276 2836 2150 73 718 2006 2020
95 446 2238 1068 2836 1171 561
144 1276 621 119 2238 1325 2365 1866
276 2577 2667 1843 661 1107 1843 1891
2150 2667 2695 3158 276 2201 2717
832 1485 539 1485 543 2362 3220
872 3460 2577 2667 2493 119 2238 3100 3260
1645 1325 1761 95 1024 2434 696 1906
2201 144 2817 717 2876 2819 1533
2836 2201 3100 456 1869 3003 2018 2201 3100
1317 1012 759 2550 621 1441 575 1906 1584
2201 144 2817 117 2039 3108 2977 3460 2673 1707


718 2006 539 4 1191 255 1114 696 660
1441 2006 1325 1712 1191 1712 2318 1417
474 2006 539 1770 437 71 2867
2611 2069 3384 392 1465 2650
363 2006 1121 3111 2836 1317 832 696 953
2259 1441 1121 2761 2201 2356 842 661 718 3088
2977 993 696 1905 2155 3384 647
2836 693 1346 146 696 739 1869 126 42
1325 474 6 539 1712 2232 1707
1013 2259 1346 3364 2771 7 844 3023
832 474 531 1514 1515 1465 1015
2836 2663 2385 158 2861 1542 2955 2713
3161 1043 1346 1441 3420 17 718 2069
872 1441 2264 1325 935 2286 661 718 1205


2726 716 1722 718 621 3234 1733
474 2633 1471 707 2201 35 1346 1859
3375 2130 2282 539 1869 255 2178
1013 2259 842 1436 718 2744 2493 1458
1372 2504 2438 1325 543 1441 2667 255 2240 237
1215 696 2496 467 2836 2652 2273 3047
474 325 718 2725 1671 1178
3041 718 1482 2836 1570 2438 877
2349 842 1325 1710 1317 487 2201 3215
2201 677 402 474 381 1121 1599
2804 2201 2667 136 1475 718 1662 2846
1013 1869 2496 134 2836 2496 2495 2201 3085
2836 255 717 255 1013 696 718 723 2240 3034
2496 1923 467 2673 2286 2259 2286 1215 696 842


2201 2438 2271 609 2286 2362 2240 3100 3045
2804 2977 2286 2349 2259 1057 2496 1125 1441 981
1471 1782 2496 2150 2440 2474 1679 2677
1427 2168 260 2894 2474 1991 1859
2474 698 2118 2201 3101 2257 2843
696 2901 1869 2350 1427 1441 2222
2474 2129 121 696 2474 2485 289 3319
3042 1057 1441 2749 2286 824 3179 2018 3301 1032
3478 2018 3384 2150 1043 419 2122
1821 2168 1107 778 2836 2667 3413 2716
95 2496 774 904 3179 283 2440 3384 1741
1436 375 2836 1272 1125 2631 3100 277
2804 625 1869 3179 2963 2925 2238 1414 2243
2829 2286 2349 2545 1121 3158 348 2803


2328 1325 718 2006 3100 38 372
1797 718 1499 2977 3427 311 35
3042 2130 2974 718 169 2836 949 3100
2201 2241 1869 2241 2440 1471 2836 1528 95
2616 539 718 2006 1727 1717 2616
2440 3289 696 3225 1159
3161 718 723 2201 1898 2005
2241 3300 382 114 658 1894
2271 2616 2836 3022 539 2130 718 644
2271 2616 2836 3022 888 2201 136 2336
2836 696 2925 2169 539 718 1671 2588
2474 2487 696 2241 3179 3472 1407 2083
2271 2616 2836 3022 1427 1729 3291 3444
3179 2474 695 1707 2362 1783 443 696 2241


2259 696 1464 1869 1854 1959
1441 1750 171 1869 1622 1586
2836 2150 2931 1231 3045 1541
696 2493 1869 3271 2803 2836 2040 1766
1317 696 2199 1869 774 3158 1485
1869 2122 1869 1340 1869 2116 1869 1125 1869 2629
1441 1750 1542 3299 193 2264 1427 431
2459 1471 583 2977 2286 848 1707
95 2130 1542 949 3301 832 413
1869 2925 363 1959 2130 2286 2358
2836 2804 1986 1130 832 661 2421 2191
1986 3318 1325 1497 3250 2496 2178 2201 647
2804 2764 3179 1707 2893 668 626 42
1427 2191 2201 2739 832 566 3261 2201 2493


1325 1272 1923 202 1797 201 2139
1869 2364 2159 3130 73 3310 2201 1972
2240 2018 2709 1869 718 3022 2006 1742
2516 2977 297 2201 2997 2574
3178 2402 1436 1346 2451 2494
2836 2711 1011 1532 1542 1923 2272
2380 1707 748 2791 379
2836 2226 1377 229 1869 1026 1414
1707 661 3283 1869 2925 846 3416 1959
718 2006 2586 824 2836 3292 2201 2438 1007
3042 1550 1869 2817 2912 1876 696 2925 786 1541
3339 3460 2679 913 935 2836 563 1426
2836 2238 696 2925 1079 864 759 1903
2259 3406 643 2836 3466 1869 1459 3301 2588


3387 696 1806 474 3058 2631 3063
3179 1436 1325 3189 2201 1906 718 3022 1811
3387 3111 2201 2023 716 1707 2201 1800
474 2631 357 718 2006 2827 759 2955 2926
1378 774 783 832 2018 1043 2100 2212
1441 147 1776 514 1866 913 905 3351
3050 2667 3045 3300 3045 2238 1272 1441 2051
2459 2977 2259 1057 1441 3311 759 2271 760
95 474 2692 2006 696 2622 824 976
616 1325 1293 2836 896 1869 1414
1797 3370 2201 434 1848 1463
832 1895 2406 2804 775 1107 2079
1731 2640 2041 1869 2006 2652 519
2650 1959 2836 1202 108 2264 35 842 2803


1372 2362 1866 474 1441 1121 94 1869 2964
1191 1165 706 718 40 2201 2492
2977 2084 1281 1441 2168 718 640 1791
2977 2168 718 2139 3179 696 759 228 3384 2203
474 539 718 680 1869 2006 543 1441 1427 1888
1043 2817 474 151 1441 1105 3221
2708 2201 2390 1325 661 2390 2001
95 474 718 640 1255 1983 2804 718 2119
2362 1715 1191 696 718 762 2477
2130 2237 474 2383 2130 1074 1869 218
474 842 719 95 1221 3100 1837
2201 239 2804 1378 2130 759 3096 1869 1726
2804 1378 2925 2123 3007 1441 194
2959 2238 718 2758 696 842 2238 2319 718 2130


2568 1312 3022 1441 1427 2544 3332 2836 2652
2836 3336 718 640 478 2201 2554
2461 1272 1923 610 2342 2267 716 539 846 2955
3336 3045 270 1869 1911 3111
846 3022 842 539 474 1441 1427 1130 73 276
1774 2836 915 832 3365 2130 2572
668 1137 1138 718 2964 1228 2884
2836 2835 472 1144 1906 718 1485 1869 2006
1707 2130 539 2680 1427 716 64 1427 2667 245
1272 704 1441 2362 255 3237 883
73 2796 447 2201 1094 3427 97 609
1124 696 2006 2201 305 1441 211 2005
1317 1601 2438 2239 805 718 3176 27
2459 2201 759 2012 2836 846 846 3398 228


1372 2804 718 2482 1012 2286 661 1041 1969
1784 2405 1869 718 3393 1147
474 7 1325 641 2804 718 1648 2008
1013 1042 2621 3179 1042 3054 2057
353 1270 842 474 718 760 988 1225
2836 799 353 718 762 539 2887
2201 716 842 2661 696 1043 1812 2122
3265 2438 1317 2836 2656 1441 2349 2666
1568 1043 1444 1310 1441 3237 1826
2569 1869 462 3470 718 2435 1873
2667 1600 474 1441 3237 1000 3412
1797 432 145 2201 452 1252
3265 2438 1317 2955 609 2836 1441 1543 2736
2459 474 2496 3265 539 3250 2201 2047 2438


2496 2006 2836 3265 3384 3087 2031 1940
3179 2982 2097 1830 632 718 2629
2804 716 1350 1441 1106 2135 2438 1599 2827 2863
95 2286 1374 718 3477 718 1726 55
2286 3301 718 2130 204 2836 1441 147 730
2201 3376 718 601 2836 949 2168 2496 2069
2338 219 2201 2438 1797 1441 2201 2338 549
474 718 1477 1286 2827 2845 2657 2827 969
696 95 1329 13 1441 2548 2130 1350
1869 2490 1403 474 718 1365 1286
2201 3029 2836 2201 241 2353 3301
2038 1584 661 718 72 1441 1012 1419
2286 3301 95 244 696 718 1014 519
474 2130 204 427 283 3301 2803


3042 1441 1653 2286 1272 1125 539 696 718 2699
2836 474 3179 590 2438 2201 2096 1581
3384 1232 1107 342 2836 539 2367 2127
1782 2643 832 2994 539 658
2804 842 2667 108 3308 2201 714
1869 2321 1869 657 2827 457 3179 842 3384 129
1869 1107 181 2687 1436 753 2667 1232
1797 1107 1923 2820 1411 716 842 3384 617
2804 543 842 1750 3367 2827 2462 1628
1466 774 758 2827 383 3095
729 2827 811 992 2827 1450
3093 2827 578 842 1089 1573 2201 2496 3073
2576 1869 255 2196 661 2286
718 846 3022 2699 769 1836 1272 2721


2827 2517 3384 718 2699 2648 2918 661 2286
1826 1809 1349 2534 2925 2782
2827 2517 64 1441 1866 1272 1125 3348 3022
2836 474 2496 2006 3295 842 2925 2818
2201 144 1869 1242 2836 3310 1945
1471 1708 2977 2496 774 640 1749
2279 1465 3477 1140 1485
2977 2285 2977 2687 2201 1107 1250 3143
1372 1312 2640 1312 2782 696 718 2643
2836 718 1184 2699 846 3037 198 842 1809
1272 1125 1599 2042 716 661 1107 1344 539 1366
2836 2201 1107 2055 3384 1258 1488
543 842 3100 1637 1312 2002 873
474 1272 1125 505 842 2836 3384 1057 3185


2339 1482 474 1441 381 1427 2890 1012 2203
2459 2339 474 3490 1441 719 1325 2006 2286 2035
2018 1317 718 148 1119 2667 1433 344
718 846 1664 40 1315 3243 3290 746
832 2750 1959 437 98 3190
2503 696 405 1529 2836 2169 2888 1869 2602
2584 3017 2150 2725 2807 581
1460 2435 3168 2201 2823 1869 1443 3310
2568 344 1504 1869 921 592
1281 1441 1325 1317 1866 1707 1441 2006 2286 1485
2259 1441 1121 2617 913 3327
454 1044 765 1869 1092
2006 539 2423 1317 1281 1441 1325 1866 95
2201 1601 1664 739 2201 474 3179 2440 3384 1604


2328 2438 1325 2201 652 1869 3022 3168
637 440 2006 539 1325 2006
3179 87 2259 842 189 48
2827 460 661 2857 2201 962
1372 2667 842 539 3427 2727 2038
474 2586 73 391 2836 539 2362 958
842 539 2382 2201 1465 3421 910
437 1233 1495 2121 1107 2399 3100 285
2622 1325 921 294 1191 2535 1154 2836 819
1563 1107 3349 1557 122 1972
2006 87 1325 661 1107 645 3156 2836 1825
832 1357 842 658 2459 2201 378 1869 2574
543 2925 3100 2832 2836 632 2438 1144
1441 2362 2890 1797 2667 1587 1528 579


58 2438 769 474 1441 1427 2987 2130
1603 1441 1315 2496 1184 2348 1758
1538 632 2496 1904 2006 2201 194
74 2130 820 1012 3184 2438 514 3365 514
474 1441 1427 991 1241 661 1495 3168
2836 3447 2201 1959 2496 1923 2919 2657
474 1441 1427 2463 2125 2201 2130 3074
3179 1315 973 2438 571 2168 2496 1628
3313 1429 718 1682 2836 2216 463
2836 73 2708 447 2990 3169
1255 2438 1563 1422 1869 2496 3353
832 648 1325 527 2438 696 2496 1787 3456
3042 718 606 1370 1441 7 730 2201 1630
3135 2836 2999 1869 2496 2006


1043 2977 2201 144 363 704 255 2775
661 1623 1798 2764 363 2055 106
2977 2201 21 363 1931 3223
2764 1473 2201 2647 54 2259 2764 354
2459 95 2648 1664 1869 2496 1256 1855
2201 1000 2696 7 1441 611 718 2508
2836 1418 1869 316 3167 3385 1869 166
2201 3100 1975 2829 474 2652 1121 3022 532
769 2730 696 2006 2587 2136
2219 474 2349 1325 2562 2201 960 379
2836 1269 2201 509 2009 1781
3179 1297 1869 2138 2264 3365 2863 3100 529
832 353 1441 3057 2836 864 1867 3022
2849 3306 2817 474 95 2833 1418 1869 2286


716 2569 1427 1441 37 1869 2076 1062
3004 2168 2481 2388 2977 2567 1563
2808 202 2201 3068 2836 3068 2201 202
2440 900 2259 1441 2749 718 640 2201 312
716 1162 2216 1436 718 2964 1409
1568 842 1436 1890 842 640 95 1734 2362
1584 1427 1272 2191 658 1869 1542 2989 1241 2258
696 945 1869 2925 1948 2204
1372 2797 1869 2863 1707 1441 864 3022
474 641 539 3365 2514 2440 3336 641
2836 1644 2006 2259 842 539 2665 1077
3203 3201 1013 527 1057 255 2435 829 2403
95 1441 1105 3321 2201 718 1612
2836 3129 3365 1633 3052 255 1013 1441 1427 2588


474 2286 2349 290 863 2886 2438 1707
2836 2804 474 885 3179 1441 1317 7 1355
2577 147 1441 3104 718 2250 2393
1558 718 418 2349 1459 2827 649 3103
2804 543 2286 2349 3365 718 1506 958
2977 1441 3365 479 650 1421 2526 1869 1959
2836 1441 2784 1427 2667 2106 285
2201 711 1584 290 1441 3347 696 2496 1796
1372 474 363 1450 1869 232 1281 1427 3352
718 1638 1286 1584 1985 3022 885 2811
2836 1120 2201 2286 2977 2286 2201 2438 1317 1698
2112 2153 3179 3216 368 1953
832 474 2496 1691 1707 791 85
1272 1687 479 2836 479 147 1108 2438


1312 641 2201 3100 857 1013 857 2505
2259 1325 2201 3100 988 1335 1869 2648
2836 3279 455 271 3179 539 95 264
1325 3365 363 1326 832 3365 2490 2643
2804 344 1315 2490 94 2507 2191
1601 69 2201 718 398 218
2827 73 718 2237 344 3301 203 1203
3179 696 1542 2033 2896 3477 716 1441 3412 1726
2667 1441 211 474 1441 211 2836 1986 474 2502
527 718 2444 3013 1809 1542 1923
1441 2631 3100 2991 1191 1986 2791 3100 936
3365 1542 1297 610 718 1147 147 1325 3100 703
1558 2925 903 2514 1986 2641
2130 2773 3301 3477 2836 696 1542 2410 331


759 1605 759 2088 3301 1563 718 2111
1664 1656 661 371 2209
3179 64 2572 474 2190 1297 3214
3061 2130 3459 2459 2201 1492
2827 527 3121 95 2039 2977 2111 2836 2964
1427 3109 3365 762 2201 3145
695 1776 2201 1283 2753 1313 1107 1232
1869 1906 759 1448 2362 2240 3100 516
474 786 1686 719 1325 95 717 17
1797 2757 1441 1918 759 2955 2006 2201 436
3161 2201 1601 1573 2168 2438 1121 1441 155
2201 2445 2339 2088 474 367 1906 255
2201 1347 3427 1721 2201 170 1906
2349 2201 3342 1131 696 2438


2667 1959 2238 1079 1325 450 474 1441 1012 2169
759 3423 2665 1809 661 2796 1281
2201 2438 3301 1378 275 1378 2260
1986 3301 832 246 1869 839 1628
363 2909 3301 645 2836 3161 2764 2522
716 2238 446 2269 632 3401 474 539 3045
2836 1157 144 1573 2545 2201 363 3064
1013 3412 474 2764 381 1427 1037 1573 2355
759 2261 2836 1906 1441 1429 2738
1325 1723 527 1044 1797 1226
2804 759 376 2836 716 2764 1750 3384 2203
3336 255 2827 1712 3365 759 1115 2391
2925 1441 1012 2378 2836 2925 64 1528 3100
1441 3237 3100 3022 2878 759 258 2836 1906


543 718 2955 2006 2349 832 3325 1869 1781
842 1281 2804 615 1238 3100 838
2977 974 2201 921 2006 2827 2201 921 3456
2996 2860 2996 2827 3400 661 3400 1706
2667 842 1121 2793 829 2168 1647
842 3182 1325 696 3173 1968 1797 1755
3104 3333 1869 3419 2102
74 3087 2404 1959 363 326 2135
842 202 1325 2730 474 567
3179 2661 73 727 1869 2305 3156
832 2130 3444 105 3269 1016
474 842 1797 3203 661 1799 1797 1116 661 1462
2201 2925 1441 107 194 3139 1869 1959
3179 780 2804 2138 1106 1427 3291 2804 1796


2157 76 2201 2438 1441 222 2601
661 718 2071 2538 123
2827 966 1184 1967 2804 1492
3179 1908 255 51 1013 2302 2827 1091
1427 1441 1325 2222 828 73 108 2836 758
2861 2130 2836 255 3365 2691 1068 717 982
2804 3053 774 3405 2965 2176
1213 1081 696 1542 2754 2588
2667 2328 2438 3100 2945 696 759 2964
2836 2660 2238 718 929 786 832 841
3179 539 1325 2213 661 1218 2042 2667 2319
832 3136 797 2938 2438 2804 1906
3108 2238 2366 1591 19 2139
2259 846 822 105 1523 696 759 1742


1372 2238 718 2040 783 1106 696 759 1152
446 17 921 423 467 1107 423 699
1106 2578 3365 2654 2385 2836 1171 2164
759 1929 1240 2977 759 774 640 3471
543 762 186 2442 2720 591
2977 2238 223 2590 2440 3237 733 1906 3445
3149 866 1906 2201 2925 1014 474 1346 1497
2631 1959 877 2836 1162 1181 1367
2018 625 1346 1372 2238 2351 1869 1346 455
3149 2631 963 832 1325 2440 1347 1346 1746
1346 1548 1191 2763 2671 147 3100
2836 1346 1307 539 2201 797 1906


696 2396 1414 2856 1121 1325 1937 2271
2827 543 842 2349 842 222 1325 3158 760
832 1707 539 2856 3158 247 835
2836 2150 1829 661 2024 3030
2804 3042 1776 2122 1436 1657 73 464 1152
3455 796 661 3258 94 1177 1810
774 2150 1436 2667 760 2667 1170 2854
832 539 458 543 1325 2317 696 877
3161 718 2442 2191 3301 740 2856
1346 2191 95 1915 2836 1986 932 117
527 1471 1106 1325 2545 2271 2667 2150 566
370 1314 661 815 84
2018 95 1986 2916 2940 1869 1542 232
474 1465 2069 1370 2150 1315 1215 95


1584 1564 2259 2238 718 1514 1514 3285
632 474 1734 2374 437 375 1083
661 759 774 324 2259 2238 1206 1934
2015 1524 474 1272 2091 1501
1012 1441 1907 2339 2235 474 957 2767
2201 3092 1942 639 1869 759 2122
1568 718 786 1154 3179 1315 474 318 2593
527 3266 1359 3365 1906 212 1741
2201 3100 95 956 1986 2264 2169 1542 1781
2836 1348 661 2339 1756 1099
913 305 759 324 770 661 594 22
2931 2803 2374 255 3326 1013 1752 1154
3042 2702 2235 95 1832 3301 696 2925
1601 1573 759 324 2438 759 1154 2201 3092


3087 860 1869 1811 696 682 1869 3030
539 845 696 1025 2836 695 1025 845
539 1780 3200 2928 1664 1869 2504
236 959 2512 633 1325 2201 2445
2570 2667 749 832 1261 2991
3450 1433 3051 2836 2667 749 3318
3450 1433 281 2977 2582 1319
73 1014 966 2201 144 1038 2914
2914 696 1702 2836 696 2145 95
3318 2633 2836 696 3202 2201 1427 959
771 696 447 2836 1144 508 232
381 1947 3062 987 3116
2130 2925 204 1599 2042 2018 2338 2042 1599
2201 2647 182 474 449 2773 2201 2925 2567


718 2442 2191 3301 1378 1043 2929
1072 539 829 255 870 1013 1346 1154 870
543 1625 3100 2873 344 1317 1346 2510 3301 2949
543 2776 3100 2228 2856 2228 1604 73 1346 1547
1441 1427 2222 2301 341 870 2836 2873
832 2667 1471 2301 1750 1441 696 1346 819
2836 696 1672 121 539 2652 255 2713
1013 696 2211 474 2168 718 2442 1376
1441 2006 2201 2963 1346 2023 2018 1599 1441 3376
474 1514 1436 2881 255 2489 2662
1441 1389 1441 2362 2749 2281 2096
718 2442 2259 3149 2745 766 73 2476
2836 2018 3365 3176 1441 3412 718 2006 2977 159
2977 2885 3149 1588 661 94 2341


2238 2319 2977 985 95 2977 2238 2319
2977 2339 437 826 2638 144 1573 633
2804 1599 2238 1699 2201 718 2955 1484 2964
2238 2319 1622 2836 846 3157 3390
2018 696 1726 2960 1672 1866 474 1906 2893
759 1810 1436 1325 517 2201 144 2006 662
2201 1866 1986 721 1441 2208 1325 3100 95 155
2121 1441 1405 842 2201 718 640 3444
2836 2201 3100 2715 474 539 1325 94 1441 1405
2762 2985 832 26 73 759 1810
2241 73 2234 317 1012 107 1445
759 2856 539 1935 696 718 1768 1463
696 1378 2319 2238 2856 2959 696 759 1147
2836 353 2925 1930 2977 1441 3412 569


2051 2191 1441 2006 2836 1986 2977 3094 2438
3462 759 2964 2765 2438 661 2556
1427 1657 73 2856 2836 3398 932 3100
2879 661 3079 421 632 718 173
2836 1865 1325 267 2842 1869 3176
641 791 3439 819 1869 614
1797 474 1664 1771 474 1009 696 43
3384 3402 474 3278 2201 1408 200
2977 2339 1511 2346 2191 2645 759 1810
1372 2328 842 1317 2977 1599 3467 759 2964
2201 2916 2804 2438 3042 2346 3384 1906 672
2836 3015 759 3265 1043 696 1465 1232
1317 3237 1441 1405 2150 425 539 2856
2836 2130 1986 2388 474 759 1386 566


3315 474 2964 474 1895 718 2964 2201 662
2804 474 453 3334 842 3370 718 609 2836 2438
2498 1325 3250 2201 1322 2438 3444
832 1646 2201 2411 718 884 609 147 3100
2438 2168 718 640 759 633 1125 1436 285
2836 718 805 640 2238 2732 2578 1823
1869 2817 718 640 2836 1906 1441 211 1148
428 3052 2783 769 2201 3100 90
938 718 2964 696 759 3103 2770 2497
832 1317 718 3112 2964 2328 718 786 2964 1808
772 866 2438 2328 718 2964 3100 1107 256
2238 678 1325 1317 65 1289 696 718 315
2836 2018 2238 119 2804 1441 2648 2978 696 1906
550 211 2051 2836 2130 474 539 696 2438


95 1707 1441 1427 336 474 3460 539 2051
2836 1441 718 640 211 2082 2201 759 3237
718 640 2912 297 95 474 136 1272
2238 119 684 2201 3100 718 756 2440
832 2238 119 1325 1797 3460 3237 1325 3100 841
2804 2238 2319 1149 2836 3460 539 2616
3460 1318 832 2942 2201 237 2804 2438
3104 474 2751 474 2817 2977 1489 3384 3026
291 1869 759 2150 2238 119 2660
2238 1835 474 2419 1733 2130 2201 65
2836 406 1955 3433 1846 2804 718 2482
95 2817 1441 2861 2256 718 863 1168
2817 1427 1441 271 2238 2578 1429 2817 2836 2438
3460 3228 403 2836 2018 211 1441 1325 841


2464 1436 1346 2656 2238 2578 759 3237
2836 3237 2201 2923 2836 3237 696 1987
255 1013 3250 211 1441 474 164 1906 2440
2201 759 774 3237 2931 1373 769
119 2238 437 3237 539 333 2836 2384
1325 290 2851 2201 1223 718 3237 696 2051
64 3237 696 2490 117 2657 2469
2836 696 718 3237 2667 2271 3422 1076
811 2130 1983 2018 988 2920 2440
2836 696 1100 3357 2201 1107 365
95 2238 2648 71 696 3237 1243 2201 759 3237
2241 3237 1869 1272 2201 144 759 333 3237 255
2328 2667 863 2667 2271 254 1367
3412 2130 832 2241 2836 2438 696 474 2241 3237


543 759 2139 2315 1906 474 1441 1972 95 262
1405 2201 759 2127 2139 474 1441 1121 759 3237
2836 3237 759 2139 2042 539 2158 2652
769 829 2804 2006 718 2788 774 3195
3237 3237 3195 2134 1869 759 2006
3021 1940 842 1664 661 2033 2836 718 3237 2241
696 3310 1869 1184 1663 661 976 2764 1630
2860 618 2241 539 3316 2338
1317 696 3307 2328 2438 1475 3170
1191 696 759 2557 494 1441 2241 147 3100
2804 1378 17 2438 95 842 3275 1906 17
474 1378 2438 2897 774 2201 1906
144 832 718 760 759 2006 2836 2006 474 2440
2836 1317 2238 540 2438 2804 718 760 539 3237


2238 2127 294 2006 716 446 2238 2201 1272 2191
474 1986 2893 2836 1750 1325 716 1986 1750
1986 3376 716 2150 539 1750 2650 842 2434
2018 716 27 539 2660 1913 2201 3100
543 2191 1101 3365 2527 2586
3100 3020 696 1494 2650 2130 2773 3245
344 1869 2191 30 2578 2238 12 2054
74 3473 1869 718 2964 539 1769
344 1315 718 2964 3412 474 2794 2198
3179 718 2964 2042 2364 1109 158 1463
2827 1272 2191 2643 2925 1866 2925 539 1325
2201 1657 2271 276 632 95 2388 3047
696 3310 2657 3022 718 2964 2836 2191 1427 2107
2836 2201 2925 94 2534 3301 1986 1707 288


2259 718 2006 2615 474 3149 539 3336 1869 276
1441 1012 1715 1346 1191 1441 3376 3149 2434
474 3149 1281 3412 2438 1672 14 2884
1921 696 2109 94 622
769 1126 26 474 3149 273 2438 2967
2121 3149 2042 718 42 3301 3450 27
948 1441 1194 1346 1136 2069
73 1429 1431 769 539 2965 276 2853
832 2412 1370 3149 1325 3149 539 1207
2836 2412 1866 1325 1441 474 1441 211 3045
1372 2622 1485 1678 539 696 660 2445
2836 1414 696 2006 505 1325 2201 1427 1617 2355
3161 1441 2203 661 1346 2836 3149 661 2438
2836 696 363 960 3365 2434 2764 1163 3100


1372 194 1325 2438 2201 535 1457
474 759 1506 3088 632 718 2964
3334 2438 1325 661 2051 1125 832 661 759 2069
65 1152 661 1152 2836 1512 2438 1325 3365 2319
3085 2438 2238 540 1172 832 696 718 1628
2955 2964 2422 2201 1944 2051 1125 955
716 1278 2238 3334 661 2167 2259 759 1281
539 255 1013 718 2937 2146 2240 1186
2328 2438 1645 1906 3478 718 2006 1599 2042
1346 3079 2586 1427 1241 1272 1519
2836 3161 2168 718 1810 3149 2523 718 2085
474 1986 1172 1281 231 1542 2026
2018 1012 1325 95 832 3042 1441 211 262 3446
1367 2438 1262 661 2586 2836 89 718 173


3100 1789 2977 2238 2319 633 1012 1325 2352
718 480 2795 661 1068 717 2556
1536 885 939 2438 2336 2836 2336 357
497 1869 718 725 173
543 1441 1281 575 1906 576 641 842 2349
1191 1325 2201 2006 2018 2006 2201 3085 2438 95
2977 2746 1418 2773 2259 1542 235 3100 262
2667 99 832 44 2168 1542 2549 3376
2804 543 1441 1315 2048 1441 1315 1604 2914
2836 696 718 2425 1281 2023 2863 1869 1906
1707 2925 2056 2159 539 2385 95 3477
2914 1870 3365 2914 1534 1048 3100
474 1441 2631 1325 3100 95 1797 2238 1588
1445 2051 2191 2991 1191 759 438 2964 2096 2123


696 2960 1441 1012 1325 2006 1906 661 1272 2191
2804 1986 696 1906 2762 2216 2962
832 1312 718 2964 474 505 716 1986 3322
1106 696 2878 1869 226 539 1946 2201 1703
1797 3301 1272 2297 661 759 1439 23 608
1797 2733 1326 2201 2675 2036 1660
1797 1236 1797 2299 3064 2201 3100 1961
2201 2885 1640 2525 661 1906 3444
832 718 34 670 1797 718 34 2924 2240
2902 2241 1017 2964 2168 2441 1906
1106 114 75 49 1869 3142
759 438 1847 1646 2836 2519 1446 2201 3100
2938 718 2534 769 829 1441 2896 718 3129
474 3149 474 1895 2438 873 2872 2438 173


2006 539 718 873 2836 759 2955 2999 3456
3456 1869 718 873 1658 73 1710 3398
1372 832 661 1272 2341 2238 2051 1923 1781
2836 2238 1079 864 842 2436 1325 1195
2827 543 842 1012 1325 2168 2339 1154 1869 2051
474 1427 458 1542 1879 3006
2836 2473 94 820 1869 2006 2977 1564 2977 1272
2025 2490 840 3242 1869 1542 1973
3100 842 451 1441 2006 1906 2977 2238 540 2339
305 2051 2191 172 2977 1272 24 1906
2862 3265 696 759 2964 474 2259 842 3203
759 3265 2631 485 2201 2113 3100
543 2238 446 2114 2201 1427 716 2238 446 1223
3365 1476 1066 2238 3100 818


2630 2977 1840 1133 3323 2201 617
2241 1869 1346 656 2128 142 3213
3476 463 1346 1927 2836 1895 2130 1302 1298
696 1702 1869 2944 3149 2264 1427 2911
1568 1346 2947 3123 1411 1346 696 1522
3164 2201 617 1346 437 607 1350 539 1052
2201 1156 474 3179 3457 381 1346 1810
1325 2848 1346 786 2743 2102
95 1468 2238 420 474 3179 3457 2168 1906
1568 1441 759 1927 1522 1906 557 987
832 543 2238 617 759 1288 3479 3445 2201 2438
2836 3204 927 1232 3092 2438 3100 2616
95 3237 1441 2710 474 2238 1066 1427 759 3237
543 2238 3479 3445 2836 718 868 1730 2440


1511 505 1441 1427 1869 756 2836 2048
3179 1043 1511 1399 1012 2613 2438 2440
274 3486 539 3142 2657 2271
1253 1811 1861 373 2863
2201 312 2438 1120 2201 2567 718 3350 2514
2659 718 641 3486 2168 718 943
2836 2264 1101 718 279 2201 3100 385
2950 1107 1577 661 1346 2388 1859
2836 2517 474 718 3486 3100 2843 92
761 1441 2631 2018 1325 2599 3085
832 2648 1429 2168 2438 1429 2201 1776 609
1441 3002 2241 3486 696 2234 2567
2018 2925 64 1441 3395 3376 832 1876 696 8
695 718 3477 3486 3344 718 1726 2241 658


2339 1154 474 2622 1923 2122 7 144
3404 1733 3346 474 3490 1441 3456
2201 2438 474 559 2804 1346 2482
832 2259 3149 2749 718 1857 1781
2991 696 1346 2964 7 1596 1972
2156 474 2069 474 1528 774
1121 726 696 3408 594 2574
2836 3295 842 769 1077 2201 2356
1441 3456 3149 2087 661 3427 245
474 2186 842 2977 594 514
3384 1156 1450 1106 1043 1887
2168 3176 2201 2567 539 1571 3213
1441 3456 2168 3456 3213 3149 3191
2836 1636 718 1648 1274 1325 2286


786 2139 2766 1869 718 1710 1034
718 1710 1034 668 3309 50 3274
344 446 2238 177 1563 2836 573 795
2653 759 1202 1970 95 2892 3454
344 95 333 1209 2633 95 51 776
446 2238 632 759 257 482 830
64 3480 2205 1869 2925 93
116 1809 759 1104 539 2925 759 1654 245
1317 2139 1876 2238 632 759 1958 492
2836 2328 474 177 2201 2480 759 365
800 3229 2212 696 1260 3156 1869 115
1563 3100 2724 355 3100 71 2667 255
95 64 2238 1257 73 3292 474 1434 73 2773
2836 3292 290 2803 2915 2667 255 1690 1317


718 2006 539 2977 1035 1999 2440
2804 474 3179 3394 2952 192
2508 73 474 3179 3384 1765 750
3087 2605 2607 704 2201 3275
718 1433 2995 2201 718 2006
2518 474 1107 504 3301 1325 1783
1436 1653 2438 2836 1441 498 1707 3193
3064 539 3292 3179 2295 7 681
3450 2047 1441 211 1707 1433 539 3450 1350
2836 2300 661 589 224
718 610 2836 718 2698 2977 2914 2684 3301
527 2427 2168 1793 1126 431
2804 1441 1427 3331 1906 2271 2836 1890 1906 2935
1106 2319 2977 2856 2977 2567 2977 555 2977 1450


1372 2438 716 2191 1436 2006 1657 696 718 1547
3179 1427 2667 2655 661 3022 1628
2827 543 1986 1427 2650 539 718 148 319
474 2475 930 716 1986 1750 2491
543 474 3100 2271 2443 718 94 2191 1703
716 2621 204 2201 1866 842 539 1325 95
543 842 3100 1325 1317 2006 3384 1599 1540
2622 1125 539 1325 95 3022 2977 2130 2684 2667
1584 2240 842 1372 1584 2240 2622 1125 3100 3022
474 539 95 1142 661 1220 2836 661 1062
2667 1962 1317 1191 1441 2768 718 226
2929 842 640 374 1325 695 3176 1031
1372 2167 2006 661 1062 2238 225 2438 2127
1536 2191 2866 759 2388 960 1315 864


678 2238 1372 633 1866 1441 2006 1906 1325
2259 1441 3083 718 640 661 1906 1728
1012 1441 1325 3412 73 1906 2259 1441 1538
211 1869 718 640 2501 2804 759 2482
1106 1265 1906 474 1441 1012 194 718 609
73 305 3005 2238 474 1441 1012 79 632
1685 543 2238 251 73 2438 1012 1441 1325 830
1878 632 718 640 661 626 1139
716 2926 1012 1441 696 718 640 2446
474 539 95 438 759 250 2201 3322
2259 2130 718 1485 3384 18 759 634
1263 3365 1559 1869 2051 2191
832 2006 3456 73 2804 1707 1441 3376 759 2699
2339 474 2240 1750 2238 540 2836 1441 211 2127


1372 2168 716 1152 2578 2238 2925 1593 1281
661 1527 718 2964 2201 1689
2201 144 2438 1601 2634 2201 718 3022 1628
2836 1405 474 259 3384 1325 672 992
2664 2578 2238 2925 2940 1869 3310 2863
474 696 905 2542 1869 759 1147
2652 539 1471 1892 2836 197 1869 1497
474 696 718 2699 759 612 2130 1485 2520
1106 3295 1906 1584 2201 144 2438 2006 1906 255
3362 1441 2963 2836 1750 2708 2899 1869 3456
1372 1191 1441 2006 716 2490 1012 2672
661 2490 2238 3372 1325 2672 718 1781
543 759 444 2337 2006 696 2438
255 1500 1441 2201 3100 1499 1869 1906


2006 539 1068 2967 2201 3376 716 1530 539
2018 1106 2042 1325 1530 539 2545 1869 2006
1317 594 754 106 1325 718 970
1536 619 1869 718 960 759 774 640 1630
2804 2238 3324 2438 1441 1012 3218
718 486 1232 2201 718 2124 1654 2274
718 2139 3384 3085 718 688 474 3460 2631
1922 696 2006 1060 62 2667 2801 1433
832 308 527 759 760 3384 394 658 1906
2977 1107 1849 2409 438 1869 2925 1859
3460 539 2521 759 786 2755 2201 3100
2201 1741 696 759 2270 1045 3365 759 943
2667 2921 1869 1530 17 842 474 1441 194
1346 2006 2804 437 2955 2006 1441 2429 2836 1045


696 3398 1906 2238 1699 1441 211 3246
832 2238 2319 2298 3246 2201 2438 2006 1626
696 397 759 361 142 2836 3111 2960 546
696 1642 3111 3456 420 3111 2006 997
832 344 1869 1511 2214 1853 1012 1441 58 1906
2259 1441 1150 2453 1441 211 1780 846
2804 2130 718 1529 3301 2214 832 2201 1470 1906
2836 2130 718 1362 2960 696 1906 539 271
2804 1441 1427 3331 453 2214 1869 759 453 630
2214 1869 759 2006 759 276 759 1898
2836 2201 1619 1906 1138 2191 2201 537
2827 3336 1573 1405 3083 2944 1986 1750
2804 1441 1427 3331 1906 2271 255 1780 1441
2201 1405 3083 1793 95 2388 2688


3117 966 3365 1107 3240 2836 3084 2693
199 1869 1311 2925 2316 3167
2836 1107 1208 3344 7 2895 120
696 1677 1085 1869 474 335
3179 1177 2168 2925 1170 3344 1869 2006
2627 266 1799 2440 2201 2064
2836 2562 1388 302 3179 2018 2773 1630
3083 2260 1931 3366 2047
832 527 718 2442 1125 2622 3240 702
2900 2804 3403 2577 2264 2467 718 228
1441 1418 1320 102 1869 302 3361
2836 1939 1103 364 1397 2814
832 3167 2667 2047 941 2804 718 2946 2434
2650 3117 3233 3111 3344 718 2442 2191


1487 1632 1201 290 2693
966 3365 1107 943 1107 934 3240
1568 29 484 474 736 912 1648 2201 1347
3433 343 3365 832 696 1346 659 2122
1622 1909 426 1809 474 3344
3179 29 292 1869 3022 2292 3318 1788
2836 95 2188 1869 2485 3064
1121 3222 3365 1732 2122 196
2925 3240 3149 1786 696 1379 1599 3365
3179 2168 2622 3344 426 1799 667
865 2904 2836 263 3407
2804 2773 417 832 1441 718 2442 1380
3433 2652 2804 2047 2836 2925 3365 474 1441 1630
2622 3344 2052 1983 1983 3209 1325 2006


